-0.000000 -0.000000
-0.000000 0.008488
0.000000 0.032983
0.000061 0.066451
-0.000000 0.103556
-0.000000 0.142359
-0.000000 0.183588
0.000000 0.226029
-0.000061 0.270895
-0.000000 0.317459
-0.000061 0.365478
-0.000061 0.415437
-0.000061 0.467094
-0.000061 0.519721
-0.000061 0.574045
-0.000061 0.629583
-0.000244 0.687302
-0.000244 0.745992
-0.000244 0.806380
-0.000244 0.867980
-0.000244 0.931763
-0.000244 0.996516
-0.000244 1.062724
-0.000244 1.130629
-0.000244 1.199505
-0.000244 1.270321
-0.000244 1.342350
-0.000244 1.415348
-0.000244 1.490044
-0.000244 1.565953
-0.000244 1.642832
-0.000244 1.721166
-0.000244 1.800228
-0.000305 1.880745
-0.000427 1.961989
-0.000427 2.044688
-0.000488 2.128358
-0.000549 2.212755
-0.000732 2.298607
-0.000732 2.385429
-0.000855 2.472979
-0.000855 2.561741
-0.001038 2.651474
-0.001038 2.742177
-0.001038 2.833607
-0.001038 2.926249
-0.001160 3.019620
-0.001160 3.113960
-0.001343 3.209271
-0.001343 3.305309
-0.001404 3.401832
-0.001404 3.499567
-0.001465 3.598030
-0.001465 3.696979
-0.001648 3.796655
-0.001648 3.897300
-0.001831 3.998431
-0.001831 4.100532
-0.001892 4.203361
-0.001953 4.306675
-0.002014 4.410716
-0.002136 4.515242
-0.002258 4.620738
-0.002258 4.726962
-0.002442 4.833671
-0.002503 4.941108
-0.002686 5.049272
-0.002747 5.158163
-0.002930 5.267782
-0.002930 5.377887
-0.003052 5.488961
-0.003113 5.600763
-0.003235 5.713292
-0.003296 5.826307
-0.003418 5.940049
-0.003540 6.054761
-0.003601 6.169715
-0.003662 6.285882
-0.003845 6.402292
-0.003906 6.519914
-0.003968 6.638022
-0.004090 6.756857
-0.004212 6.876419
-0.004334 6.996467
-0.004456 7.117484
-0.004456 7.239230
-0.004639 7.361460
-0.004700 7.484903
-0.004761 7.608588
-0.004883 7.733243
-0.005005 7.858141
-0.005066 7.984252
-0.005249 8.110847
-0.005249 8.238170
-0.005371 8.366464
-0.005493 8.495242
-0.005616 8.624748
-0.005738 8.754981
-0.005799 8.885942
-0.005860 9.017873
-0.006043 9.150289
-0.006043 9.283675
-0.006165 9.417546
-0.006287 9.552145
-0.006348 9.687471
-0.006409 9.823525
-0.006592 9.960549
-0.006653 10.098058
-0.006836 10.236295
-0.006836 10.375501
-0.006958 10.515193
-0.007019 10.655855
-0.007142 10.797001
-0.007264 10.939118
-0.007325 11.081963
-0.007447 11.225535
-0.007508 11.369834
-0.007569 11.514861
-0.007752 11.660616
-0.007813 11.807098
-0.007874 11.954551
-0.007996 12.102488
-0.008118 12.251395
-0.008240 12.401030
-0.008362 12.551150
-0.008362 12.702240
-0.008545 12.853816
-0.008606 13.006361
-0.008667 13.159634
-0.008851 13.313877
-0.008912 13.468604
-0.008973 13.624060
-0.009156 13.780485
-0.009156 13.937639
-0.009278 14.095519
-0.009400 14.254370
-0.009461 14.413463
-0.009644 14.573769
-0.009705 14.734803
-0.009766 14.896321
-0.009949 15.058810
-0.009949 15.222268
-0.010071 15.385969
-0.010193 15.550883
-0.010254 15.716282
-0.010377 15.882651
-0.010499 16.049990
-0.010560 16.218056
-0.010621 16.386608
-0.010743 16.556130
-0.010865 16.726136
-0.010926 16.897113
-0.011048 17.069302
-0.011170 17.241734
-0.011231 17.414894
-0.011353 17.589266
-0.011414 17.764123
-0.011475 17.939950
-0.011658 18.116505
-0.011719 18.293787
-0.011780 18.471797
-0.011964 18.650777
-0.012025 18.830484
-0.012147 19.010919
-0.012269 19.192082
-0.012269 19.374457
-0.012452 19.557317
-0.012513 19.741148
-0.012574 19.925463
-0.012757 20.110748
-0.012818 20.297004
-0.012879 20.483987
-0.013062 20.671455
-0.013062 20.859893
-0.013184 21.048817
-0.013306 21.238953
-0.013367 21.429331
-0.013551 21.620679
-0.013612 21.812755
-0.013673 22.005559
-0.013856 22.199090
-0.013856 22.393106
-0.013978 22.587608
-0.014100 22.782836
-0.014161 22.979035
-0.014222 23.175962
-0.014405 23.373131
-0.014466 23.571027
-0.014649 23.769409
-0.014649 23.968760
-0.014771 24.168354
-0.014832 24.368434
-0.014954 24.569725
-0.015077 24.770775
-0.015138 24.973036
-0.015260 25.175541
-0.015382 25.378773
-0.015504 25.582247
-0.015565 25.786692
-0.015626 25.991136
-0.015809 26.196308
-0.015870 26.402208
-0.015931 26.608350
-0.016053 26.814977
-0.016175 27.022090
-0.016175 27.229687
-0.016358 27.438012
-0.016419 27.646579
-0.016480 27.855632
-0.016664 28.065169
-0.016725 28.274949
-0.016786 28.485457
-0.016908 28.696207
-0.017030 28.907684
-0.017091 29.118919
-0.017213 29.331125
-0.017274 29.543572
-0.017457 29.756505
-0.017518 29.969923
-0.017579 30.183341
-0.017762 30.397729
-0.017823 30.611874
-0.017884 30.826747
-0.018006 31.041862
-0.018067 31.257463
-0.018190 31.473306
-0.018190 31.689634
-0.018373 31.905962
-0.018556 32.340315
-0.018678 32.557856
-0.018739 32.775882
-0.018861 32.994150
-0.018983 33.212661
-0.019044 33.431414
-0.019166 33.650652
-0.019471 34.310307
-0.019532 34.530758
-0.019593 34.750966
-0.020265 36.080947
-0.020326 36.303823
-0.020387 36.526699
-0.020936 37.644475
-0.021425 38.768313
-0.021486 38.993615
-0.021547 39.219401
-0.021913 39.897487
-0.022218 40.577756
-0.022462 41.259481
-0.022767 41.942903
-0.022889 42.171114
-0.023500 43.773203
-0.023744 44.232778
-0.024171 45.152900
-0.024232 45.383537
-0.024293 45.614173
-0.024599 46.306568
-0.024782 46.769297
-0.024904 47.000419
-0.025026 47.232025
-0.025392 48.159665
-0.025819 49.089002
-0.026125 49.787218
-0.026186 50.020280
-0.026247 50.253342
-0.026674 51.186802
-0.027345 52.824056
-0.027895 54.231158
-0.028627 55.876414
-0.028688 56.111659
-0.029238 57.289822
-0.029299 57.525552
-0.029604 58.233468
-0.030275 59.650998
-0.030336 59.887455
-0.030886 61.307411
-0.030947 61.544111
-0.031313 62.491879
-0.031496 62.729064
-0.032106 64.390570
-0.032289 64.627997
-0.032595 65.340764
-0.032717 65.816103
-0.032839 66.053773
-0.033083 66.529598
-0.033388 67.481732
-0.033510 67.719401
-0.043521 92.135115
-0.043521 92.375453
-0.043765 92.855643
-0.044314 94.056602
-0.044314 94.296940
-0.045108 95.978574
-0.055301 117.653079
-0.055545 118.016616
-0.055545 118.199962
-0.055972 118.941831
-0.056522 119.887901
-0.056644 120.271568
-0.051517 138.122499
-0.051211 138.158634
-0.050723 138.199620
-0.049808 138.280864
-0.046328 138.539148
-0.014100 140.795069
-0.014100 140.793372
-0.014283 140.793372
-0.014283 140.793614
-0.014222 140.795069
-0.013734 140.794342
-0.013978 140.805013
-0.013551 140.830477

