0.00000000 0.00000000
-0.067908621 0.529624398
-0.189366982 1.014367631
-0.365294438 1.482104362
-0.586846389 1.929471068
-0.721257648 2.411059268
-0.86410097 2.890214118
-1.015332711 3.366787874
-1.174905934 3.840633808
-1.339134866 4.312884791
-1.497299067 4.787207668
-1.650938915 5.263015305
-1.800039284 5.740264914
-1.944587997 6.218912776
-2.084571945 6.698915483
-2.219978435 7.180229508
-2.350794306 7.662811437
-2.477007921 8.146617421
-2.59860848 8.63160341
-2.715584957 9.117725421
-2.827926676 9.604939387
-2.935622039 10.09320143
-3.038662751 10.58246691
-3.137039467 11.07269148
-3.221790833 11.56498139
-3.258375842 12.06364085
-3.296760117 12.56216505
-3.336943156 13.06054748
-3.378924436 13.55878167
-3.422703612 14.05686109
-3.468280509 14.55477923
-3.515653937 15.05252966
-3.564823278 15.55010588
-3.615787894 16.04750144
-3.668547119 16.54470983
-3.723100267 17.0417246
-3.779446628 17.53853927
-3.837585468 18.03514737
-3.897516279 18.5315424
-3.959238576 19.02771786
-4.022751009 19.52366735
-4.088052752 20.01938442
-4.155142955 20.5148626
-4.224020743 21.01009545
-4.296547797 21.50479306
-4.348167201 22.00201825
-4.364807208 22.50163867
-4.346385962 23.00119659
-4.292994079 23.49823459
-4.204894202 23.99030766
-4.082518825 24.47499495
-4.083203301 24.97495439
-4.07751895 25.47491841
-4.065204824 25.97476308
-4.04626151 26.47440043
-4.020694487 26.97374265
-3.988506717 27.47270185
