-697.433979 -573.967060
-697.433979 -573.967060
-697.433979 -573.967060
-697.433979 -573.967060
-697.433979 -573.967060
-697.433979 -573.967060
-697.433979 -573.967060
-697.433979 -573.967060
-697.433979 -573.967060
-697.433979 -573.967060
-697.433979 -573.967060
-697.433979 -573.967060
-697.433979 -573.967060
-697.433979 -573.967060
-697.433979 -573.967060
-697.433979 -573.967060
-697.433979 -573.967060
-697.433979 -573.967060
-697.433979 -573.967060
-697.433979 -573.967060
-697.433979 -573.967060
-697.433979 -573.967060
-697.433979 -573.967060
-697.433979 -573.967060
-697.433979 -573.967060
-697.433979 -573.967060
-697.433979 -573.967060
-697.433979 -573.967060
-697.433979 -573.967060
-697.433979 -573.967060
-697.433979 -573.967060
-697.433979 -573.967060
-697.433979 -573.967060
-697.433979 -573.967060
-697.433979 -573.967060
-697.433979 -573.967060
-697.433979 -573.967060
-697.433979 -573.967060
-697.433979 -573.967060
-697.433979 -573.967060
-697.433979 -573.967060
-697.433979 -573.967060
-697.433979 -573.967060
-697.433979 -573.967060
-697.433979 -573.967060
-697.433979 -573.967060
-697.433979 -573.967060
-697.433979 -573.967060
-697.433979 -573.967060
-697.433979 -573.967060
-697.433979 -573.967060
-697.433979 -573.967060
-697.433979 -573.967060
-697.433918 -573.967060
-697.433918 -573.967060
-697.433979 -573.967060
-697.433979 -573.967060
-697.433979 -573.967060
-697.433979 -573.967060
-697.433979 -573.967060
-697.433979 -573.967060
-697.433979 -573.967060
-697.433979 -573.967060
-697.433979 -573.967060
-697.433979 -573.967060
-697.433979 -573.967060
-697.433979 -573.955419
-697.433979 -573.926802
-697.434102 -573.887029
-697.434285 -573.838040
-697.434346 -573.779350
-697.433797 -573.716780
-697.431416 -573.652269
-697.428181 -573.588729
-697.425374 -573.526644
-697.423787 -573.461649
-697.422872 -573.393258
-697.422261 -573.320017
-697.421773 -573.244836
-697.421407 -573.169655
-697.420980 -573.098354
-697.420675 -573.030934
-697.420309 -572.966908
-697.420004 -572.902883
-697.419577 -572.840798
-697.419272 -572.780653
-697.418967 -572.720508
-697.418723 -572.662789
-697.418418 -572.607494
-697.418174 -572.552199
-697.417869 -572.497875
-697.417625 -572.446461
-697.417259 -572.399412
-697.417076 -572.354303
-697.416771 -572.311620
-697.416526 -572.270391
-697.416343 -572.230618
-697.416099 -572.189390
-697.415794 -572.142826
-697.415550 -572.094322
-697.415245 -572.045333
-697.415001 -571.997799
-697.414574 -571.951235
-697.414391 -571.905642
-697.414147 -571.862958
-697.413964 -571.822700
-697.413720 -571.783412
-697.413598 -571.747034
-697.413354 -571.712596
-697.413171 -571.679128
-697.412927 -571.648086
-697.412744 -571.618983
-697.412561 -571.590851
-697.412439 -571.565144
-697.412195 -571.540892
-697.412072 -571.519065
-697.411950 -571.498693
-697.411889 -571.479292
-697.411706 -571.458920
-697.411645 -571.435153
-697.411462 -571.407506
-697.411401 -571.381314
-697.411157 -571.355122
-697.410974 -571.327959
-697.410791 -571.301282
-697.410547 -571.273635
-697.410242 -571.243562
-697.410059 -571.211550
-697.409815 -571.177112
-697.409571 -571.136369
-697.409449 -571.090775
-697.409205 -571.037906
-697.408900 -570.976305
-697.408534 -570.906460
-697.408168 -570.832249
-697.407802 -570.752702
-697.407313 -570.671700
-697.406764 -570.590699
-697.406398 -570.511152
-697.406032 -570.435001
-697.405605 -570.362245
-697.405239 -570.293855
-697.404812 -570.230799
-697.404629 -570.170655
-697.404263 -570.111480
-697.403958 -570.051335
-697.403653 -569.991190
-697.403348 -569.932985
-697.403043 -569.876235
-697.402738 -569.824336
-697.402494 -569.774377
-697.402189 -569.726843
-697.401883 -569.681249
-697.401639 -569.639051
-697.401456 -569.598793
-697.401212 -569.559505
-697.401090 -569.519731
-697.400785 -569.475108
-697.400480 -569.423208
-697.400175 -569.365489
-697.399809 -569.301948
-697.399504 -569.233073
-697.399077 -569.158377
-697.398772 -569.084651
-697.398345 -569.013835
-697.397979 -568.944474
-697.397552 -568.874628
-697.397247 -568.802357
-697.396819 -568.725721
-697.396453 -568.645205
-697.396026 -568.562748
-697.395599 -568.479806
-697.395233 -568.401230
-697.394867 -568.326534
-697.394440 -568.252807
-697.394074 -568.181507
-697.393647 -568.111661
-697.393281 -568.046181
-697.392976 -567.982155
-697.392732 -567.922010
-697.392366 -567.865746
-697.392122 -567.813847
-697.391817 -567.764858
-697.391634 -567.717324
-697.391329 -567.669790
-697.391085 -567.618376
-697.390841 -567.564051
-697.390535 -567.510212
-697.390230 -567.456857
-697.389986 -567.404473
-697.389742 -567.356454
-697.389620 -567.311345
-697.389315 -567.269147
-697.389132 -567.226949
-697.389010 -567.182810
-697.388827 -567.139156
-697.388583 -567.095503
-697.388339 -567.053789
-697.388217 -567.013531
-697.388034 -566.975213
-697.387729 -566.938350
-697.387546 -566.903427
-697.387424 -566.870929
-697.387241 -566.839887
-697.387119 -566.810299
-697.387058 -566.784592
-697.386875 -566.760340
-697.386814 -566.736088
-697.386631 -566.712321
-697.386570 -566.683704
-697.386387 -566.654117
-697.386326 -566.626954
-697.386143 -566.600762
-697.386021 -566.572630
-697.386326 -566.540617
-697.387486 -566.504239
-697.388646 -566.463496
-697.389134 -566.416447
-697.389317 -566.363578
-697.389379 -566.308283
-697.389318 -566.254444
-697.389135 -566.200119
-697.389013 -566.143855
-697.388891 -566.080800
-697.388769 -566.012894
-697.388586 -565.939653
-697.388525 -565.862047
-697.388342 -565.781045
-697.388281 -565.700528
-697.388220 -565.623892
-697.388038 -565.552106
-697.387977 -565.483716
-697.387916 -565.415325
-697.387733 -565.346449
-697.387672 -565.277574
-697.387550 -565.212578
-697.387428 -565.151463
-697.387978 -565.093259
-697.389992 -565.036509
-697.392006 -564.978304
-697.393105 -564.918159
-697.393655 -564.856074
-697.394082 -564.796414
-697.394326 -564.736755
-697.395181 -564.674184
-697.397806 -564.605309
-697.401896 -564.530613
-697.406962 -564.448641
-697.412883 -564.360849
-697.419781 -564.266751
-697.428509 -564.165863
-697.440962 -564.055759
-697.456832 -563.937409
-697.475815 -563.807903
-697.498034 -563.668212
-697.521045 -563.516394
-697.539907 -563.350026
-697.556205 -563.171046
-697.571831 -562.979455
-697.587274 -562.775739
-697.603328 -562.560866
-697.619931 -562.334838
-697.639342 -562.098138
-697.665101 -561.851253
-697.696719 -561.594182
-697.732916 -561.332745
-697.771371 -561.073249
-697.812634 -560.815693
-697.857254 -560.558622
-697.908710 -560.304461
-697.968589 -560.044965
-698.037930 -559.761217
-698.107637 -559.456127
-698.176245 -559.137455
-698.244609 -558.807143
-698.314133 -558.465190
-698.384389 -558.114992
-698.455073 -557.760913
-698.525146 -557.408289
-698.594670 -557.058575
-698.663034 -556.714197
-698.730361 -556.375639
-698.795978 -556.044357
-698.860313 -555.720350
-698.923917 -555.399254
-698.987520 -555.079128
-699.047949 -554.774038
-699.104288 -554.489805
-699.156904 -554.222548
-699.207017 -553.969842
-699.254811 -553.727322
-699.301934 -553.488197
-699.349300 -553.246648
-699.397827 -552.999277
-699.447329 -552.747057
-699.496466 -552.497261
-699.543772 -552.249891
-699.586194 -552.003006
-699.625687 -551.756605
-699.666583 -551.512630
-699.708823 -551.267685
-699.751672 -551.025165
-699.793912 -550.787496
-699.835174 -550.557102
-699.874972 -550.335439
-699.913061 -550.122506
-699.950112 -549.917334
-699.984660 -549.714103
-700.014508 -549.509901
-700.040511 -549.303759
-700.063340 -549.099557
-700.083239 -548.900206
-700.100636 -548.708130
-700.114126 -548.523815
-700.124442 -548.346776
-700.138115 -548.177012
-700.154474 -548.010643
-700.172602 -547.843304
-700.192074 -547.671600
-700.212950 -547.492135
-700.235046 -547.302970
-700.258485 -547.102163
-700.283268 -546.891171
-700.309332 -546.669023
-700.336677 -546.436204
-700.363413 -546.191258
-700.385693 -545.936127
-700.403211 -545.676631
-700.417556 -545.419075
-700.428727 -545.163459
-700.437334 -544.910753
-700.445208 -544.660958
-700.455769 -544.412617
-700.467977 -544.168642
-700.480796 -543.930973
-700.493736 -543.698639
-700.506860 -543.469215
-700.520228 -543.237366
-700.534146 -542.999211
-700.548429 -542.753781
-700.563140 -542.503501
-700.577607 -542.255645
-700.591829 -542.013125
-700.605503 -541.777881
-700.618749 -541.551852
-700.631384 -541.335040
-700.643531 -541.128898
-700.655068 -540.931487
-700.664407 -540.743291
-700.671183 -540.563826
-700.678691 -540.392607
-700.686505 -540.229149
-700.694318 -540.073451
-700.700483 -539.925029
-700.704756 -539.783397
-700.709945 -539.649526
-700.715316 -539.521476
-700.721054 -539.397306
-700.726731 -539.274590
-700.731431 -539.150905
-700.734789 -539.027220
-700.739001 -538.904990
-700.743762 -538.785670
-700.748584 -538.671686
-700.752186 -538.563037
-700.753224 -538.459723
-700.752370 -538.360775
-700.750478 -538.262312
-700.747853 -538.164334
-700.744801 -538.066841
-700.740346 -537.971773
-700.735280 -537.878161
-700.732899 -537.786488
-700.732472 -537.695786
-700.732900 -537.605083
-700.733938 -537.511955
-700.735098 -537.414947
-700.736502 -537.311149
-700.737906 -537.199590
-700.739554 -537.079300
-700.741202 -536.948339
-700.742973 -536.806707
-700.744865 -536.652465
-700.746880 -536.487066
-700.749017 -536.312452
-700.751093 -536.136867
-700.753229 -535.962253
-700.755244 -535.792974
-700.757198 -535.629516
-700.759090 -535.472848
-700.760800 -535.322970
-700.762631 -535.175518
-700.764341 -535.029036
-700.766111 -534.882069
-700.767820 -534.734617
-700.769591 -534.591045
-700.771117 -534.451354
-700.772765 -534.316998
-700.774170 -534.188462
-700.775635 -534.066717
-700.776978 -533.948853
-700.778382 -533.832928
-700.779725 -533.718944
-700.781068 -533.607869
-700.782228 -533.501161
-700.783449 -533.398817
-700.784548 -533.300839
-700.785647 -533.207712
-700.786746 -533.117979
-700.787662 -533.035037
-700.788578 -532.957431
-700.789432 -532.883705
-700.790287 -532.810949
-700.791142 -532.736738
-700.792057 -532.660587
-700.793034 -532.581040
-700.793950 -532.499068
-700.795049 -532.412731
-700.796026 -532.320573
-700.797247 -532.220170
-700.798468 -532.112491
-700.799872 -531.994627
-700.801337 -531.866091
-700.803107 -531.725429
-700.804878 -531.574097
-700.806709 -531.414519
-700.808541 -531.252031
-700.810433 -531.090512
-700.812204 -530.932874
-700.814035 -530.780087
-700.815745 -530.633605
-700.817393 -530.493428
-700.818920 -530.359072
-700.820507 -530.231022
-700.821850 -530.109277
-700.823254 -529.993837
-700.824475 -529.883733
-700.825757 -529.778479
-700.826917 -529.678561
-700.828016 -529.583493
-700.829115 -529.492791
-700.830153 -529.406939
-700.831069 -529.323997
-700.831984 -529.245906
-700.832839 -529.171209
-700.833694 -529.102334
-700.834426 -529.037823
-700.835220 -528.976223
-700.835831 -528.917534
-700.836502 -528.857389
-700.837235 -528.791908
-700.838028 -528.722062
-700.838883 -528.645426
-700.839799 -528.565395
-700.840776 -528.482938
-700.841752 -528.400481
-700.842729 -528.318509
-700.843706 -528.234112
-700.844744 -528.145835
-700.845843 -528.052707
-700.847003 -527.951819
-700.848346 -527.842685
-700.849689 -527.724335
-700.851215 -527.594345
-700.852863 -527.454168
-700.853169 -527.301865
-700.849446 -527.136952
-700.842305 -526.959427
-700.832478 -526.768806
-700.820026 -526.566545
-700.805195 -526.353127
-700.786273 -526.132919
-700.759966 -525.908831
-700.726761 -525.677952
-700.687209 -525.440767
-700.641919 -525.198732
-700.591928 -524.959123
-700.538337 -524.724848
-700.480046 -524.498335
-700.413697 -524.277641
-700.338986 -524.056948
-700.259026 -523.831405
-700.183156 -523.595675
-700.112046 -523.348305
-700.045331 -523.098994
-699.980814 -522.850654
-699.917823 -522.602798
-699.855136 -522.354458
-699.793183 -522.106603
-699.729398 -521.850987
-699.659448 -521.571118
-699.584188 -521.270879
-699.506181 -520.958998
-699.425000 -520.634506
-699.341073 -520.299829
-699.253971 -519.953025
-699.164123 -519.594580
-698.876511 -518.449401
-698.775737 -518.047788
-698.674658 -517.645205
-698.574922 -517.241166
-698.478360 -516.818212
-698.387596 -516.383616
-698.303242 -515.944170
-698.225784 -515.503268
-698.155286 -515.063822
-698.089914 -514.627771
-698.024665 -514.197056
-697.960148 -513.771190
-697.896058 -513.347266
-697.832640 -512.923826
-697.770992 -512.512027
-697.711602 -512.112354
-697.243020 -506.507231
-697.226540 -506.093007
-697.214577 -505.671022
-697.201638 -505.239337
-697.187783 -504.802315
-697.173379 -504.365779
-697.160928 -503.924393
-697.152262 -503.462635
-697.143229 -502.983900
-697.133403 -502.491100
-697.123149 -501.985688
-697.112651 -501.470090
-697.101910 -500.945762
-697.090802 -500.412218
-697.079633 -499.870913
-697.068159 -499.320878
-697.269908 -491.446737
-697.293836 -490.785628
-697.317948 -490.115302
-697.342365 -489.438186
-697.366965 -488.752825
-697.391809 -488.059217
-697.416897 -487.357849
-697.442108 -486.648721
-697.467623 -485.934257
-697.492895 -485.219307
-697.518105 -484.508724
-697.543071 -483.802505
-697.567793 -483.104048
-697.592149 -482.413350
-697.616261 -481.730899
-697.768325 -473.071962
-697.739150 -472.514166
-697.708570 -471.965100
-697.676465 -471.421855
-697.642773 -470.882006
-697.608043 -470.344096
-697.574411 -469.806186
-697.545541 -469.271187
-697.516854 -468.739583
-697.488411 -468.213799
-697.460212 -467.690441
-697.432501 -467.169023
-697.405340 -466.653425
-697.379644 -466.160139
-697.355229 -465.686740
-697.331852 -465.229832
-697.156802 -460.721383
-697.142458 -460.326560
-697.127932 -459.925432
-697.114992 -459.517998
-697.108584 -459.101349
-697.109500 -458.675483
-697.117619 -458.242342
-697.132269 -457.808717
-697.150948 -457.373150
-697.169688 -456.918668
-697.188549 -456.445268
-697.207961 -455.958288
-697.227799 -455.457726
-697.248187 -454.947464
-697.268758 -454.430411
-697.289512 -453.908023
-697.518906 -448.026910
-697.539111 -447.507917
-697.559072 -446.986013
-697.579399 -446.461200
-697.599726 -445.930566
-697.620419 -445.394111
-697.641295 -444.850381
-697.662476 -444.299375
-697.683780 -443.743519
-697.705266 -443.186208
-697.726509 -442.630837
-697.747751 -442.079831
-697.768628 -441.533676
-697.789443 -440.993826
-697.809953 -440.457856
-697.952977 -434.670356
-697.961096 -434.310456
-697.969398 -433.954436
-697.977395 -433.599872
-697.985208 -433.260344
-697.992351 -432.950403
-697.998760 -432.670535
-698.004071 -432.441596
-698.008649 -432.234968
-698.013044 -432.038527
-698.017195 -431.850331
-698.019393 -431.672322
-698.017135 -431.501587
-698.011825 -431.339099
-698.004562 -431.183886
-697.996199 -431.035464
-697.888225 -429.221898
-697.879924 -428.996839
-697.871379 -428.765475
-697.862895 -428.533140
-697.854472 -428.306142
-697.846355 -428.086903
-697.838664 -427.878336
-697.831401 -427.683350
-697.824687 -427.503400
-697.818583 -427.338971
-697.813029 -427.188609
-697.807902 -427.051827
-697.803386 -426.929112
-697.799113 -426.819493
-697.796733 -426.758863
-697.796184 -426.748192
-697.796183 -426.749647
-697.796183 -426.747222
-697.796000 -426.744797
-697.795939 -426.742857
-697.795878 -426.740917
-697.795756 -426.738976
-697.795695 -426.737521