-0.054646374627736805 -0.007339960159885837
-0.054646374627736805 -0.007339960708173974
-0.054646374627736805 -0.007339961256462111
-0.054646374627736805 -0.007339961256462111
-0.05464637901405922 -0.007339961256462111
-0.05464637901405922 -0.007339962353038386
-0.05464637901405922 -0.007339962353038386
-0.05464637901405922 -0.007339962353038386
-0.05464637901405922 -0.007339962353038386
-0.05464637901405922 -0.007339962353038386
-0.05464637901405922 -0.007339962901326523
-0.05464637901405922 -0.007339962901326523
-0.05464637901405922 -0.007339962901326523
-0.05464637901405922 -0.007339962901326523
-0.05464637901405922 -0.007339962901326523
-0.05464637901405922 -0.007339962901326523
-0.05464637901405922 -0.007339962901326523
-0.05464637901405922 -0.007339962901326523
-0.05464637901405922 -0.007339962901326523
-0.05464637901405922 -0.007339962901326523
-0.05464637901405922 -0.007339962901326523
-0.05464637901405922 -0.007339962901326523
-0.05464637901405922 -0.007339962901326523
-0.05464637901405922 -0.007339962901326523
-0.05464637901405922 -0.007339962901326523
-0.05464637901405922 -0.007339962901326523
-0.05464637901405922 -0.007339962901326523
-0.05464637901405922 -0.007339962901326523
-0.05464637901405922 -0.007339962901326523
-0.05464637901405922 -0.007339962901326523
-0.05464637901405922 -0.007339962901326523
-0.05464637901405922 -0.007339962901326523
-0.05464637901405922 -0.007339962901326523
-0.05464637901405922 -0.007339962901326523
-0.05464637901405922 -0.007339962901326523
-0.05464637901405922 -0.007339962901326523
-0.05464637901405922 -0.007339962901326523
-0.05464637901405922 -0.007339962901326523
-0.05464637901405922 -0.007339962901326523
-0.05464637901405922 -0.007339962901326523
-0.05464637901405922 -0.007339962901326523
-0.05464637901405922 -0.007339962901326523
-0.05464637901405922 -0.007339962901326523
-0.05464637901405922 -0.007339962901326523
-0.05464637901405922 -0.007339962901326523
-0.05464637901405922 -0.007339962901326523
-0.05464637901405922 -0.007339962901326523
-0.05464637901405922 -0.007339962901326523
-0.05464637901405922 -0.007339962901326523
-0.05464637901405922 -0.007339962901326523
-0.05464637901405922 -0.007339962901326523
-0.05464637901405922 -0.007339962901326523
-0.05464637901405922 -0.007339962901326523
-0.05464637901405922 -0.007339962901326523
-0.05464637901405922 -0.007339962901326523
-0.05464637901405922 -0.007339962901326523
-0.05464637901405922 -0.007339962901326523
-0.05464637901405922 -0.007339962901326523
-0.05464637901405922 -0.007339962901326523
-0.05464637901405922 -0.007339962901326523
-0.05464637901405922 -0.007339962901326523
-0.05464637901405922 -0.007339962901326523
-0.05464637901405922 -0.007339962901326523
-0.05464637901405922 -0.007339962901326523
-0.05464637901405922 -0.007339962901326523
-0.05464637901405922 -0.007339962901326523
-0.05464637901405922 -0.007339962901326523
-0.05464637901405922 -0.007339962901326523
-0.05464637901405922 -0.007339962901326523
-0.05464637901405922 -0.007339962901326523
-0.05464637901405922 -0.007339962901326523
-0.05464637901405922 -0.007339962901326523
-0.05464637901405922 -0.007339962353038386
-0.05464637901405922 -0.007339962353038386
-0.05464637901405922 -0.007339962901326523
-0.05464637901405922 -0.007339962901326523
-0.05464637901405922 -0.007339962901326523
-0.05464637901405922 -0.007339962901326523
-0.05464637901405922 -0.007339962901326523
-0.05464637901405922 -0.007339962901326523
-0.05464637901405922 -0.007339962901326523
-0.05464637901405922 -0.007339962901326523
-0.05464637901405922 -0.007339962901326523
-0.05464637901405922 -0.007339962901326523
-0.05464637901405922 -0.007339962901326523
-0.054646273742775975 -0.007339962901326523
-0.05464601495090449 -0.007339962901326523
-0.05464565527404375 -0.007339963997902797
-0.05464521225742658 -0.00733996564276721
-0.054644681514758986 -0.007339966191055347
-0.05464411568165417 -0.007339961256462111
-0.054643532303344955 -0.0073399398732247574
-0.05464295769765215 -0.007339910813953482
-0.05464239625082712 -0.007339885592699167
-0.05464180848622391 -0.007339871337207597
-0.05464119001749168 -0.007339863112885538
-0.05464052768573424 -0.007339857630004165
-0.05463984780872977 -0.007339853243699067
-0.05463916793175372 -0.007339849953970244
-0.05463852314518647 -0.007339846115953282
-0.05463791344905644 -0.007339843374512596
-0.05463733445705543 -0.007339840084783772
-0.05463675546505442 -0.007339837343343086
-0.0546361940182436 -0.007339833505326125
-0.05463565011665139 -0.007339830763885439
-0.05463510621507339 -0.007339828022444752
-0.054634584245008 -0.007339825829292203
-0.054634084206469424 -0.0073398230878515165
-0.05463358416791664 -0.007339820894698967
-0.05463309290195184 -0.007339818153258281
-0.05463262795383628 -0.007339815960105732
-0.05463220248243772 -0.007339812670376909
-0.05463179455622935 -0.0073398110255124965
-0.05463140856156201 -0.00733980828407181
-0.054631035725790866 -0.007339806090919261
-0.05463067604894434 -0.007339804446054849
-0.05463030321317319 -0.0073398022529023
-0.05462988212808284 -0.007339799511461614
-0.05462944349777388 -0.007339797318309064
-0.05462900048115671 -0.007339794576868378
-0.05462857062346416 -0.007339792383715829
-0.054628149538359594 -0.007339788545698868
-0.05462773722585723 -0.0073397869008344566
-0.05462735123118989 -0.007339784707681907
-0.05462698716803516 -0.007339783062817495
-0.05462663187748262 -0.007339780869664946
-0.0546263029047509 -0.0073397797730886715
-0.05462599147722358 -0.007339777579936122
-0.05462568882231267 -0.007339775935071711
-0.054625408098928574 -0.0073397737419191615
-0.05462514492073467 -0.007339772097054749
-0.054624890515142965 -0.007339770452190338
-0.05462465804109229 -0.007339769355614063
-0.05462443872593781 -0.007339767162461514
-0.05462424134229593 -0.007339766065885239
-0.05462405711756446 -0.007339764969308965
-0.05462388166543519 -0.007339764421020828
-0.05462369744070372 -0.007339762776156416
-0.054623482511843235 -0.007339762227868279
-0.05462323249257395 -0.007339760583003866
-0.054622995632215066 -0.007339760034715729
-0.05462275877184197 -0.00733975784156318
-0.05462251313886668 -0.007339756196698769
-0.05462227189219959 -0.007339754551834356
-0.054622021872930304 -0.007339752358681808
-0.0546217499221342 -0.0073397496172411215
-0.05462146042610527 -0.007339747972376709
-0.05462114899860637 -0.00733974577922416
-0.054620780549157644 -0.0073397435860716115
-0.05462036823665528 -0.007339742489495336
-0.05461989012960089 -0.007339740296342787
-0.054619333069126697 -0.007339737554902101
-0.05461870144145564 -0.007339734265173277
-0.05461803033711021 -0.0073397309754444535
-0.054617310983388734 -0.00733972768571563
-0.05461657847077106 -0.007339723299410531
-0.054615845958139175 -0.0073397183648172964
-0.05461512660444612 -0.007339715075088473
-0.054614437954853656 -0.0073397117853596485
-0.05461378000939021 -0.007339707947342688
-0.05461316154064377 -0.007339704657613864
-0.05461259132123075 -0.007339700819596904
-0.054612047419652754 -0.007339699174732491
-0.054611512290691167 -0.007339695885003668
-0.054610968389084746 -0.007339693143562981
-0.05461042448750675 -0.007339690402122295
-0.05460989813114736 -0.0073396876606816085
-0.05460938493365575 -0.007339684919240922
-0.05460891559923198 -0.007339682177800236
-0.05460846381001261 -0.007339679984647686
-0.054608033952305846 -0.007339677243207
-0.054607621639831905 -0.007339674501766313
-0.05460724003145856 -0.007339672308613765
-0.054606875968303825 -0.007339670663749353
-0.05460652067775129 -0.007339668470596803
-0.05460616100089055 -0.007339667374020529
-0.0546057574610046 -0.007339664632579843
-0.05460528812656662 -0.007339661891139156
-0.05460476615651544 -0.00733965914969847
-0.05460419155079421 -0.007339655859969646
-0.05460356869573957 -0.00733965311852896
-0.054602893205085934 -0.007339649280511999
-0.05460222648700608 -0.007339646539071313
-0.054601586086747034 -0.007339642701054351
-0.054600958845398395 -0.007339639411325528
-0.05460032721776997 -0.007339635573308567
-0.05459967365860052 -0.007339632831867881
-0.054598980622699855 -0.00733962899385092
-0.05459825249639039 -0.0073396257041220955
-0.0545975068248481 -0.007339621866105135
-0.05459675676704023 -0.007339618028088174
-0.054596046185935165 -0.007339614738359351
-0.05459537069525311 -0.007339611448630526
-0.05459470397717325 -0.0073396076106135655
-0.054594059190606004 -0.007339604320884742
-0.05459342756297758 -0.007339600482867781
-0.054592835412051954 -0.007339597193138958
-0.054592256420050944 -0.007339594451698271
-0.054591712518458735 -0.007339592258545722
-0.05459120370728954 -0.007339588968816898
-0.05459073437286577 -0.007339586775664349
-0.0545902913562486 -0.007339584034223663
-0.054589861498527625 -0.0073395823893592504
-0.05458943164083507 -0.007339579647918564
-0.0545889666927053 -0.0073395774547660156
-0.05458847542676892 -0.007339575261613466
-0.05458798854712654 -0.00733957252017278
-0.054587506053778156 -0.007339569778732093
-0.05458703233304618 -0.007339567585579544
-0.05458659808903121 -0.007339565392426995
-0.054586190162837056 -0.0073395642958507205
-0.05458580855446371 -0.007339561554410034
-0.05458542694611879 -0.007339559909545623
-0.05458502779252683 -0.007339558812969348
-0.05458463302524308 -0.007339557168104936
-0.05458423825797354 -0.007339554974952387
-0.05458386103587998 -0.007339552781799838
-0.05458349697272524 -0.007339551685223563
-0.05458315045478912 -0.007339550040359151
-0.05458281709574919 -0.007339547298918465
-0.054582501281927875 -0.007339545654054053
-0.054582207399619165 -0.007339544557477778
-0.05458192667623507 -0.007339542912613367
-0.05458165911174717 -0.007339541816037092
-0.05458142663766807 -0.007339541267748955
-0.05458120732249938 -0.0073395396228845425
-0.05458098800735911 -0.007339539074596405
-0.05458077307849862 -0.007339537429731994
-0.054580514286627135 -0.007339536881443857
-0.054580246722125025 -0.007339535236579445
-0.05458000108916394 -0.007339534688291308
-0.05457976422879085 -0.007339533043426895
-0.05457950982321336 -0.007339531946850621
-0.05457922032719864 -0.007339534688291308
-0.05457889135448113 -0.007339545105765915
-0.05457852290501819 -0.007339555523240524
-0.05457809743361963 -0.007339559909545623
-0.05457761932656524 -0.007339561554410034
-0.054577119288012454 -0.007339562102698171
-0.054576632408370074 -0.007339561554410034
-0.05457614114240528 -0.007339559909545623
-0.0545756323312645 -0.007339558812969348
-0.05457506211186569 -0.007339557716393073
-0.05457444802942746 -0.007339556619816798
-0.05457378569765581 -0.007339554974952387
-0.05457308388915294 -0.00733955442666425
-0.054572351376535266 -0.007339552781799838
-0.0545716232502258 -0.0073395522335117005
-0.05457093021431092 -0.007339551685223563
-0.054570281041463886 -0.007339550040359151
-0.05456966257273166 -0.007339549492071014
-0.05456904410399943 -0.007339548943782877
-0.054568421248959 -0.007339547298918465
-0.054567798393918565 -0.007339546750630328
-0.05456721062928693 -0.007339545654054053
-0.054566657955106734 -0.007339544557477778
-0.054566131598718925 -0.007339549492071014
-0.054565618401269944 -0.007339567585579544
-0.054565092044896346 -0.007339585679088075
-0.05456454814331835 -0.0073395955482745455
-0.054563986696493316 -0.007339600482867781
-0.05456344718122352 -0.007339604320884742
-0.05456290766595373 -0.007339606514037291
-0.054562341832848915 -0.007339614190071213
-0.05456171897780848 -0.007339637766461116
-0.054561043487112215 -0.007339674501766313
-0.05456030220189234 -0.007339720009681708
-0.054559508281030844 -0.007339773193631024
-0.05455865733821952 -0.0073398351501905365
-0.05455774498717858 -0.007339913555394168
-0.05455674929638121 -0.007340025406174173
-0.054555679038415406 -0.0073401679610898656
-0.05455450789548877 -0.00734033847870056
-0.0545532446402035 -0.00734053805558253
-0.054551871727326784 -0.007340744760210284
-0.05455036722536022 -0.007340914181244704
-0.05454874867952242 -0.0073410605741773575
-0.05454701608977075 -0.007341200935940501
-0.05454517384247026 -0.007341339652839233
-0.054543230710180524 -0.007341483852619337
-0.054541186692944166 -0.0073416329869926775
-0.05453904617701255 -0.007341807342620333
-0.05453681354875073 -0.007342038720214265
-0.054534488808087644 -0.0073423227334693765
-0.054532124590707554 -0.007342647868334783
-0.054529777918560285 -0.0073429932898612695
-0.054527448791588995 -0.007343363932642071
-0.05452512405094012 -0.007343764731270423
-0.05452282562811206 -0.00734422693817015
-0.05452047895595058 -0.007344764808832821
-0.05451791296864883 -0.007345387664156771
-0.05451515398397078 -0.007346013809209545
-0.0545122721828335 -0.007346630085075847
-0.054509285110398764 -0.007347244167789601
-0.054506192766723416 -0.007347868667977963
-0.05450302585586542 -0.007348499747623973
-0.05449982385459862 -0.007349134665286943
-0.0544966350122138 -0.00734976410006854
-0.05449347248769243 -0.007350388600256902
-0.05449035821247605 -0.0073510026829706554
-0.0544872965729013 -0.007351607444786076
-0.054484300727864365 -0.007352196854533651
-0.05448137067739367 -0.007352774750230344
-0.054478466944715365 -0.00735334606646939
-0.05447557198466768 -0.007353917382708436
-0.05447281300001805 -0.007354460187964343
-0.05447024262637967 -0.007354966257915052
-0.05446782577337217 -0.007355438882289388
-0.0544655405094403 -0.007355889026850095
-0.054463347357895486 -0.007356318336461585
-0.054461184910451266 -0.007356741614903565
-0.05445900053148023 -0.007357167086498095
-0.0544567635169102 -0.007357602975567232
-0.05445448263928654 -0.007358047637246566
-0.05445222369317548 -0.0073584890091970764
-0.054449986678591245 -0.0073589139325034685
-0.05444775405031521 -0.007359294992758878
-0.05444552580831896 -0.007359649735183698
-0.05444331949784953 -0.007360017088235676
-0.0544411044147779 -0.007360396503626673
-0.05443891126321887 -0.007360781401899044
-0.054436761974699266 -0.0073611608172900415
-0.05443467848071748 -0.007361531460070843
-0.05443267394019813 -0.00736188894393635
-0.05443074835311279 -0.007362231075734012
-0.054428892946887686 -0.007362563886633341
-0.054427055085895404 -0.007362874217719042
-0.05442520845228671 -0.007363142330618171
-0.054423344273445196 -0.007363375901364653
-0.0544214976398365 -0.0073635809611279955
-0.05441969486925302 -0.007363759703060749
-0.05441795789320736 -0.007363915965179874
-0.05441629109803614 -0.007364037136858213
-0.05441469009738853 -0.007364129797553413
-0.05441315489129295 -0.007364252614096164
-0.05441165038932638 -0.0073643995553169545
-0.05441013711475762 -0.007364562396893727
-0.054408584363443424 -0.007364737300809519
-0.05440696143129742 -0.007364924815352469
-0.054405250773072567 -0.007365123295658164
-0.05440343484357868 -0.007365333838302879
-0.05440152680172616 -0.007365556443286615
-0.054399517874898606 -0.0073657905623212335
-0.054397412449404214 -0.007366036195406735
-0.05439519736633258 -0.007366276345610864
-0.0543928901708739 -0.007366476470780971
-0.05439054349872663 -0.0073666338294763704
-0.05438821437175534 -0.007366762677188631
-0.05438590279001687 -0.007366863013917754
-0.05438361752607079 -0.00736694032254511
-0.05438135857997395 -0.007367011051714819
-0.05437911279275909 -0.007367105905562568
-0.05437690648231808 -0.007367215563190025
-0.05437475719378426 -0.007367330703698854
-0.054372656154583865 -0.0073674469407839565
-0.05437058143321849 -0.007367564822733472
-0.0543684847803263 -0.007367684897835536
-0.05436633110548428 -0.007367809907530836
-0.05436411163609023 -0.007367938206954959
-0.05436184830368518 -0.007368070344396044
-0.054359606902792734 -0.00736820028868458
-0.0543574137512195 -0.007368328039820566
-0.05435528639419829 -0.0073684508563633165
-0.05435324237696193 -0.007368569834889106
-0.05435128169945358 -0.007368683330533523
-0.054349417520626275 -0.007368792439872842
-0.054347632295261405 -0.007368896066330788
-0.054345930409652965 -0.0073689799544157915
-0.05434430747747854 -0.007369040814399029
-0.05434275911247255 -0.007369108253839915
-0.054341280928326796 -0.007369178434721487
-0.054339872925027066 -0.007369248615603059
-0.054338530716265154 -0.007369303992704924
-0.054337249915747066 -0.007369342372874533
-0.05433603929610342 -0.007369388977366202
-0.05433488131207298 -0.007369437226722283
-0.05433375841846555 -0.007369488765807187
-0.054332648683782736 -0.0073695397566039544
-0.05433153017649772 -0.007369581974790525
-0.054330411669184286 -0.007369612130638075
-0.05432930632080968 -0.007369649962519547
-0.05432822729024167 -0.007369692728994255
-0.05432719650897866 -0.0073697360437571
-0.0543262139770917 -0.0073697683927572005
-0.05432527969453815 -0.007369777713655534
-0.054324384888687405 -0.007369770037621612
-0.05432349446915907 -0.007369753040689356
-0.054322608435924735 -0.007369729464299453
-0.05432172678898439 -0.007369702049892589
-0.05432086707358508 -0.007369662024858568
-0.054320020517067746 -0.007369616516943174
-0.05431919150579745 -0.0073695951337058195
-0.05431837126710093 -0.007369591295688859
-0.05431755102841862 -0.0073695951337058195
-0.054316708858209495 -0.007369604454604153
-0.05431583159760578 -0.007369614872078762
-0.05431489292871561 -0.007369627482705919
-0.054313884079007835 -0.007369640093333077
-0.054312796275823416 -0.007369654897112783
-0.05431161197398637 -0.00736966970089249
-0.054310331173468285 -0.007369685601248471
-0.05430893632907896 -0.007369702598180727
-0.054307440599700385 -0.007369720691689257
-0.05430586153057959 -0.007369739881774062
-0.0543042736888566 -0.007369758523570729
-0.05430269461970738 -0.007369777713655534
-0.054301163799934216 -0.007369795807164064
-0.05429968561577425 -0.007369813352384457
-0.05429826883985811 -0.007369830349316713
-0.05429691347218579 -0.007369845701384556
-0.05429558003604029 -0.007369862150028675
-0.05429425537249699 -0.007369877502096519
-0.054292926322659696 -0.0073698934024525
-0.054291592886499984 -0.0073699087545203434
-0.054290294540777495 -0.007369924654876325
-0.05428903128549223 -0.007369938362079757
-0.05428781627951196 -0.007369953165859464
-0.05428665390917331 -0.007369965776486621
-0.0542855529470927 -0.007369978935401916
-0.054284487075449306 -0.007369990997740936
-0.054283438748981894 -0.007370003608368093
-0.054282407967761515 -0.007370015670707114
-0.054281403504333525 -0.007370027733046134
-0.054280438517650964 -0.0073700381505207415
-0.05427951300769962 -0.007370049116283487
-0.05427862697445107 -0.007370058985469959
-0.054277784804241946 -0.007370068854656429
-0.05427697333816184 -0.007370078723842901
-0.054276223280339764 -0.007370086948164959
-0.054275521471836896 -0.007370095172487019
-0.05427485475377125 -0.007370102848520941
-0.054274196808293595 -0.007370110524554863
-0.054273525703919745 -0.0073701182005887845
-0.05427283705431307 -0.007370126424910844
-0.054272117700620015 -0.00737013519752104
-0.05427137641537172 -0.0073701434218430995
-0.05427059565343484 -0.007370153291029571
-0.0542697622558137 -0.0073701620636397675
-0.05426885429108097 -0.007370173029402512
-0.054267880531782 -0.007370183995165258
-0.054266814660124396 -0.007370196605792416
-0.05426565228979996 -0.00737020976470771
-0.05426438026188407 -0.007370225665063692
-0.05426301173530135 -0.0073702415654196725
-0.054261568641578606 -0.007370258014063791
-0.05426009923003505 -0.00737027446270791
-0.0542586385910937 -0.0073702914596401655
-0.05425721304256115 -0.007370307359996146
-0.05425583135708223 -0.007370323808640265
-0.05425450669355314 -0.007370339160708108
-0.054253239051931246 -0.007370353964487815
-0.054252024045965186 -0.007370367671691247
-0.054250866061948955 -0.007370381927182816
-0.05424976509985413 -0.007370393989521836
-0.054248721159709135 -0.007370406600148994
-0.054247725468897556 -0.00737041756591174
-0.0542467736411254 -0.007370429079962623
-0.05424587006267245 -0.007370439497437231
-0.054245010347258926 -0.007370449366623702
-0.05424419010857662 -0.007370459235810173
-0.05424341373291952 -0.007370468556708506
-0.054242663675083236 -0.007370476781030566
-0.05424195748027216 -0.007370485005352625
-0.05424128198959011 -0.007370492681386547
-0.054240659134549674 -0.0073705003574204685
-0.05424007575624046 -0.0073705069368781165
-0.05423951869573784 -0.007370514064623901
-0.05423898795304183 -0.007370519547505274
-0.05423844405146383 -0.007370525578674784
-0.0542378519005382 -0.007370532158132432
-0.05423722027289557 -0.007370539285878216
-0.0542365272369949 -0.007370546961912138
-0.05423580349699364 -0.007370555186234197
-0.05423505782545135 -0.007370563958844394
-0.05423431215392327 -0.00737057273145459
-0.054233570868703396 -0.007370581504064787
-0.054232807651942494 -0.007370590276674983
-0.05423200934477279 -0.007370599597573317
-0.05423116717457788 -0.007370609466759787
-0.05423025482352273 -0.007370619884234396
-0.05422926790529914 -0.007370631946573416
-0.05422819764734754 -0.007370644008912436
-0.05422702211809849 -0.007370657716115868
-0.054225754476490806 -0.0073706725198955745
-0.05422437717732009 -0.007370675261336261
-0.054222885834263934 -0.007370641815759887
-0.05422128044729391 -0.007370577666047825
-0.05421955663017286 -0.007370489391657724
-0.05421772754176857 -0.0073703775408777185
-0.054215797568389235 -0.007370244306860359
-0.05421380618676608 -0.007370074337537802
-0.05421177971471991 -0.007369838025350635
-0.05420969183442992 -0.0073695397566039544
-0.0542075469321901 -0.007369184465890997
-0.054205358166925066 -0.007368777636093136
-0.05420319133317264 -0.007368328588108703
-0.05420107274876784 -0.0073678471911241715
-0.05419902434519486 -0.0073673235759530685
-0.054197028577263495 -0.007366727586747846
-0.054195032809360555 -0.007366056482067815
-0.05419299317838977 -0.007365338224607978
-0.054190861435060356 -0.007364656702453339
-0.054188624420461906 -0.0073640179467734075
-0.054186369860644845 -0.00736341866783936
-0.054184124073458406 -0.007362839127278256
-0.05418188267255175 -0.007362273293920583
-0.05417963688532268 -0.007361710202003597
-0.054177395484416024 -0.007361153689544257
-0.05417508390269177 -0.007360580728440799
-0.054172553005770396 -0.007359952390235476
-0.054169837884131766 -0.00735927635096221
-0.0541670174912241 -0.0073585756387227665
-0.05416408305440257 -0.007357846415500184
-0.054161056505236616 -0.0073570925193114246
-0.05415792029849342 -0.0073563101121395255
-0.054154678820466984 -0.0073555030320014494
-0.054151336457493926 -0.007354666892592098
-0.054147880050607 -0.007353807176792843
-0.054144322758773455 -0.007352919498298587
-0.05414069089977147 -0.007352014274583937
-0.054137050268167286 -0.007351106309428601
-0.054133396477652695 -0.007350210406612286
-0.05412957162130283 -0.007349343014779109
-0.05412564149368393 -0.0073485277103189734
-0.054121667503039816 -0.007347769976113252
-0.0541176803534853 -0.007347074198467044
-0.054113706362855396 -0.007346440925668486
-0.05410976307632609 -0.007345853709073459
-0.05410586803911599 -0.007345267589054707
-0.054102016864987945 -0.007344688048493602
-0.05409818323602167 -0.007344112345949458
-0.05409435399337781 -0.007343542674574824
-0.054090630022017194 -0.007342988903556172
-0.05408701570821961 -0.007342455419198598
-0.05408346280266585 -0.007341930707451221
-0.05407994498756352 -0.007341427378941198
-0.05407643155872677 -0.00734098162068559
-0.05407288742578942 -0.007340595625836944
-0.054069308202414845 -0.0073402606217850665
-0.05406565879820846 -0.00733997551195368
-0.05406196114465445 -0.007339740296342787
-0.05405825910480644 -0.007339536881443857
-0.05405457461016283 -0.0073393241456465915
-0.05405092081963403 -0.007339106475256092
-0.05404729334695446 -0.0073388871600011795
-0.05404366587424647 -0.007338670037898817
-0.054040016470011665 -0.00733844962606763
-0.05403632758907406 -0.007338246211168699
-0.05403258168618663 -0.007338098173371634
-0.054028765602438966 -0.007337990708896727
-0.05402486179264088 -0.007337874471811624
-0.05402090973350937 -0.007337750010404461
-0.05401696206065765 -0.007337620614404063
-0.054012970524809134 -0.007337508763624058
-0.05400879476421494 -0.007337430906708564
-0.05400446548298987 -0.007337349760064247
-0.05400000899899737 -0.0073372614856741444
-0.05399543847111943 -0.0073371693732670815
-0.05399077583086864 -0.007337075067707469
-0.05398603423716963 -0.007336978568995308
-0.053981209303699984 -0.007336878780554323
-0.05397631418938431 -0.007336778443825201
-0.053971340121606204 -0.007336675365655392
-0.05396629148667387 -0.0073365914775703886
-0.0539611770571895 -0.007336579415231369
-0.05395599683316732 -0.007336657272146862
-0.05395073326940292 -0.007336795989045594
-0.05394540829735206 -0.0073369478648596205
-0.053939999985558984 -0.0073371085132838436
-0.053934521492934095 -0.007337281224047087
-0.05392897281943476 -0.00733746599714935
-0.053923353965089404 -0.00733765954286181
-0.053917656157295824 -0.007337859668031917
-0.05391188816865622 -0.007338065276083397
-0.05390604999914217 -0.007338274173863701
-0.05390013287619411 -0.0073384874579491026
-0.0538941543449738 -0.0073387023868989164
-0.05388809247401127 -0.007338918960713142
-0.053881969194819135 -0.007339138275968054
-0.053875771348444346 -0.007339359236087378
-0.05386949893492954 -0.0073395823893592504
-0.05386315634056871 -0.007339807735783673
-0.05385674356534764 -0.00734003417878437
-0.05385028254077895 -0.007340263363225752
-0.05384381712991626 -0.007340490354514587
-0.053837391195799 -0.007340716797515283
-0.053831004738384536 -0.00734094104736343
-0.053824688461844516 -0.007341163104059029
-0.05381844236613631 -0.007341381871025804
-0.05381227083756812 -0.007341598444840029
-0.05380617826249079 -0.007341812277213569
-0.053800160254553475 -0.007342022819858284
-0.05379422558635838 -0.0073422300727741755
-0.05378836987163993 -0.007342436229113793
-0.05378258872407571 -0.007342637999148312
-0.053776882143651505 -0.007342837576030282
-0.05377125890298373 -0.007343034411471565
-0.05376570584316198 -0.0073432290537603
-0.05376022296421468 -0.007343399571370994
-0.053754827811317796 -0.007343489490625508
-0.05374950283926694 -0.007343487297472959
-0.05374425243438452 -0.0073433940884896215
-0.05373907659662791 -0.007343211508539907
-0.05373396655345175 -0.007342964230589994
-0.05372892230481341 -0.007342702148860374
-0.05372395700960908 -0.0073424274565035965
-0.053719044350074796 -0.007342139056943388
-0.053714162394626896 -0.0073418364018916086
-0.05370929798441182 -0.007341524425941497
-0.05370443357419674 -0.007341222319177855
-0.053699595481816687 -0.007340962978888922
-0.05369478809353723 -0.0073407052834644
-0.05369003334089939 -0.007340449781192427
-0.05368530051978837 -0.007340196472073004
-0.05368058524386754 -0.00733994754925868
-0.05367592260357412 -0.00733970356103759
-0.05367146173325921 -0.007339472731731795
-0.053667180701367556 -0.007339253416476883
-0.05366304880377015 -0.007339043422120305
-0.05365905288158501 -0.007338842200373923
-0.053655162230654696 -0.007338662910153032
-0.053651341760598825 -0.007338526934694987
-0.05364757831247857 -0.007338392055813216
-0.05364383240956272 -0.007338256080355171
-0.05364013036967208 -0.007338120104897125
-0.05363648973803947 -0.007337986322591629
-0.05363289296944629 -0.007337855830014956
-0.0536293444501581 -0.007337726982302695
-0.053625813476116946 -0.007337599231166709
-0.053622278115753375 -0.0073374709317425854
-0.05361870766496679 -0.0073373420840303245
-0.05361508019223038 -0.007337211591453652
-0.05361139569755835 -0.0073370953543685485
-0.0536076278631441 -0.007337037784114134
-0.053603776688945004 -0.007337046008436193
-0.05359985972020809 -0.007337118930758452
-0.053595938365162965 -0.007337250519911399
-0.05359199946491344 -0.007337418296081407
-0.053587889498828645 -0.007337586620539551
-0.05358360846690857 -0.007337756041573971
-0.053579204618529275 -0.007337930397201626
-0.05357467795364812 -0.007338108590846242
-0.05357006356268812 -0.007338291719084094
-0.05356538776351272 -0.007338476492186357
-0.05356066371498969 -0.007338662910153032
-0.05355589141711903 -0.0073388498764078445
-0.05355106209731275 -0.007339040132391481
-0.053546180141893274 -0.00733922984008698
-0.05354125432339174 -0.007339421740935027
-0.05353631973233064 -0.007339612545206801
-0.05353140268644552 -0.007339803349478574
-0.05352652073099762 -0.007339990864021525
-0.053521687024897346 -0.007340178378564474
-0.05351691034073269 -0.007340361506802326
-0.05351217751960746 -0.00734054408675204
-0.05350747978887682 -0.007340723376972931
-0.0535027864444686 -0.00734090486034637
-0.05349806678223956 -0.00734108415056726
-0.053493320802203925 -0.007341266730516975
-0.053488522186512455 -0.007341449310466689
-0.05348367093519357 -0.007341635180145227
-0.05347875388930845 -0.007341822694688176
-0.05347377104889972 -0.007342012950671813
-0.05346874434543736 -0.007342204303231723
-0.0534637044830788 -0.007342397300656047
-0.05345868216592464 -0.00734258810492782
-0.05345369932551591 -0.007342778909199593
-0.053448760348118185 -0.007342966423742543
-0.053443878392656075 -0.007343153389997355
-0.0534390315276454 -0.007343337614811481
-0.053434197821530915 -0.0073435042944052144
-0.053429425523646046 -0.007343623272931004
-0.053424868154635874 -0.007343733478846598
-0.05342049501034296 -0.00734383984674523
-0.05341627538668092 -0.0073439418283387636
-0.05341220051101914 -0.007344037230474651
-0.053408248451845 -0.007344130987746125
-0.05340440166393989 -0.0073442187138480905
-0.05340066453362624 -0.007344304246797506
-0.05339702390196521 -0.007344387038306235
-0.05339348854160164 -0.007344467636662415
-0.05339004529358249 -0.0073445449452897715
-0.053386694157936176 -0.007344622253917128
-0.05338343952098512 -0.007344695176239387
-0.053380219974428655 -0.007344769743426057
-0.05337701358681102 -0.007344841569172041
-0.05337394317456301 -0.007344911750053612
-0.05337114032681711 -0.0073449758997656735
-0.05336860942988153 -0.007345033470020089
-0.05336653909476752 -0.007345081171088032
-0.053364670529603586 -0.007345122292698327
-0.053362894076826706 -0.007345161769444212
-0.05336119219116142 -0.007345199053037547
-0.05335958241788319 -0.007345218791410489
-0.053358038439171196 -0.00734519850474941
-0.05335656902759922 -0.007345150803681466
-0.053355165410579275 -0.00734508555739313
-0.05335382320180315 -0.007345010441918322
-0.05335254240127085 -0.007344928198697731
-0.053351296691175776 -0.007344828958544883
-0.05335005536736048 -0.007344695176239387
-0.05334878333943038 -0.007344554266188106
-0.05334744990325646 -0.00734445063973016
-0.05334604189994252 -0.007344372782814666
-0.05334452862533112 -0.0073443053433737806
-0.05334291885205289 -0.007344242290237993
-0.053341190648581005 -0.007344177592237794
-0.05333935717386851 -0.007344110701085046
-0.053337422814138336 -0.0073440405202034745
-0.053335387569447334 -0.007343965953016804
-0.05333329530284914 -0.007343889192677585
-0.05333119426360611 -0.0073438129806265035
-0.053329141473710706 -0.007343737316863558
-0.05332715886467554 -0.0073436643945413
-0.053325272754292996 -0.007343595310236003
-0.05332350946041231 -0.007343530063947667
-0.053321882141915466 -0.007343469752252566
-0.05332039518513909 -0.007343414923438838
-0.05331903543114436 -0.007343365029218346
-0.05331779849365148 -0.007343318973014814
-0.053316688758940245 -0.007343278399692655
-0.05331569745442266 -0.0073432400195230455
-0.053315149166493825 -0.007343218636285692
-0.0533150526678412 -0.007343213701692456
-0.053315048281532995 -0.007343213701692456
-0.053315065826751606 -0.007343213701692456
-0.05331508775825 -0.007343214249980593
-0.05331510968977682 -0.0073432147982687304
-0.053315131621303635 -0.007343216443133143
-0.053315149166493825 -0.007343216443133143
-0.05331516232540423 -0.007343216443133143
-0.053315149166493825 -0.007343216443133143
-0.053315131621303635 -0.007343216443133143
-0.05331510968977682 -0.0073432147982687304
-0.05331508775825 -0.0073432147982687304
-0.053315065826751606 -0.007343213701692456
-0.05331504389522479 -0.007343213701692456
-0.053315021963726394 -0.007343212056828044
-0.05331500441850778 -0.007343211508539907
-0.05331498687328917 -0.00734321096025177
-0.05331496932807056 -0.0073432098636754956
-0.053314956169174366 -0.007343209315387358