0.200165976 -0.458185062
0.399774901 -0.916613078
0.598826478 -1.375283372
0.797320078 -1.834195411
0.995254369 -2.293348964
1.192630431 -2.752742759
1.389447975 -3.212376116
1.585706036 -3.672248645
1.781403954 -4.13235982
1.976542483 -4.592708517
2.171121334 -5.053294057
2.365139207 -5.514116185
2.558596121 -5.97517409
2.75017698 -6.437010796
2.939862392 -6.899633136
3.129934081 -7.362096906
3.32039208 -7.824401714
3.511237891 -8.286546563
3.702469355 -8.748531966
3.894087344 -9.210357184
4.086092127 -9.672021724
4.278482162 -10.13352585
4.471258932 -10.59486857
4.664421479 -11.05604989
4.857968874 -11.51706984
5.051903211 -11.97792715
5.246222305 -12.43862236
5.440926275 -12.89915504
5.636016524 -13.35952421
5.831490942 -13.8197304
6.027350439 -14.27977284
6.223595191 -14.73965107
6.420223702 -15.19936534
6.617237492 -15.65891463
6.814635512 -16.11829901
7.012416879 -16.57751847
7.210583721 -17.03657173
7.409133766 -17.49545936
7.60806722 -17.95418092
7.807385387 -18.41273545
8.007086207 -18.87112346
8.207170629 -19.32934416
8.407638733 -19.78739713
8.608489071 -20.24528262
8.809723199 -20.70299958
9.011339978 -21.16054811
9.213338569 -21.61792821
9.415721136 -22.07513853
9.61848532 -22.53217975
9.821631415 -22.98905134
10.02516062 -23.44575238
10.22907094 -23.9022834
10.43336334 -24.35864356
10.63803782 -24.8148325
10.84309298 -25.27085044
11.04853041 -25.7266963
11.25505906 -26.18204828
11.46358073 -26.63649117
11.67401972 -27.09004939
11.88637227 -27.54271485
12.10063459 -27.99447949
12.31680287 -28.44533523
12.53487324 -28.89527405
12.75484253 -29.34428757
12.97670636 -29.792368
13.20046051 -30.23950746
13.426101 -30.685698
13.65362381 -31.13093165
13.88302486 -31.57520047
14.11430013 -32.01849651
14.34744633 -32.46081141
14.58245841 -32.90213776
14.81933218 -33.34246769
15.05806341 -33.78179334
15.29864784 -34.22010688
15.54108119 -34.65740049
15.78535946 -35.09366618
16.03147856 -35.52889602
16.2794335 -35.96308259
16.52921985 -36.39621814
16.78083317 -36.82829494
17.03426897 -37.25930529
17.28952272 -37.68924151
17.5465905 -38.11809555
17.80546739 -38.54585995
18.06614848 -38.97252726
18.32862912 -39.39808988
18.59290463 -39.82254021
18.85897029 -40.24587068
19.12682137 -40.66807375
19.39645397 -41.08914131
19.6678624 -41.50906641
19.94104181 -41.92784157
20.21598733 -42.34545932
20.49269405 -42.76191222
20.77115705 -43.17719283
21.05137162 -43.59129357
21.33333311 -44.00420681
21.61703588 -44.41592561
21.90247485 -44.82644262
22.18964496 -45.23575052
22.47854106 -45.64384202
22.76915802 -46.05070982
23.06149118 -46.4563463
23.35553513 -46.86074435
23.65128428 -47.26389701
23.94873336 -47.66579709
24.24787706 -48.06643741
24.54871006 -48.46581084
24.85122698 -48.86391025
25.15542324 -49.26072792
25.46129265 -49.65625736
25.7688297 -50.05049153
26.07802892 -50.44342342
26.38888478 -50.83504602
26.70934096 -51.21884942
27.03232992 -51.60052637
27.35772185 -51.9801568
27.68550377 -52.35772558
28.01566263 -52.73321765
28.34818526 -53.10661805
28.68305843 -53.47791191
29.02026878 -53.84708442
29.35980287 -54.21412089
29.70164718 -54.57900667
30.04578808 -54.94172723
30.39221186 -55.30226812
30.74090472 -55.66061496
31.09185275 -56.01675348
31.44504197 -56.37066949
31.80045831 -56.72234887
32.15808761 -57.07177763
32.51791561 -57.41894182
32.87992797 -57.76382763
33.24411027 -58.10642129
33.610448 -58.44670917
33.97892655 -58.7846777
34.34953124 -59.12031341
34.72224731 -59.45360292
35.0970599 -59.78453297
35.47395407 -60.11309035
35.85291481 -60.43926198
36.23392709 -60.76303476
36.61697569 -61.08439584
37.0020453 -61.40333245
37.38912058 -61.7198319
37.7781861 -62.03388156
38.16922636 -62.34546892
38.56222578 -62.65458156
38.95716869 -62.96120717
39.35403936 -63.26533352
39.75282198 -63.5669485
40.15350064 -63.86604009
40.55605938 -64.16259636
40.96048217 -64.45660551
41.36675288 -64.74805581
41.77485532 -65.03693564
42.18477324 -65.32323351
42.59649029 -65.60693799
43.00999008 -65.88803779
43.42525611 -66.1665217
43.84227185 -66.44237862
44.26102067 -66.71559757
44.68148589 -66.98616764
45.10365075 -67.25407807
45.52749843 -67.51931817
45.95152915 -67.78425343
46.37441049 -68.05103268
46.79811585 -68.31650127
47.22264139 -68.58065626
47.64798375 -68.843494
48.0741379 -69.10501349
48.50109976 -69.3652122
48.92886639 -69.62408574
49.35743252 -69.88163353
49.78679406 -70.13785311
50.21694779 -70.39274047
50.6478889 -70.64629433
51.07961303 -70.89851263
51.51211671 -71.14939182
51.94539558 -71.39892984
