-591.2544968 1843.120629
-591.2564176 1844.120627
-591.2583384 1845.120625
-591.2602592 1846.120624
-591.26218 1847.120622
-591.2641008 1848.12062
-591.2660216 1849.120618
-591.2679424 1850.120616
-591.2698631 1851.120614
-591.2717839 1852.120613
-591.2737047 1853.120611
-591.2756255 1854.120609
-591.2775463 1855.120607
-591.2794671 1856.120605
-591.2813879 1857.120603
-591.2833087 1858.120601
-591.2852295 1859.1206
-591.2871503 1860.120598
-591.2890711 1861.120596
-591.2909919 1862.120594
-591.2929127 1863.120592
-591.2948335 1864.12059
-591.2967543 1865.120589
-591.2986751 1866.120587
-591.3005958 1867.120585
-591.3025166 1868.120583
-591.3044374 1869.120581
-591.3063582 1870.120579
-591.308279 1871.120578
-591.3101998 1872.120576
-591.3121206 1873.120574
-591.3140414 1874.120572
-591.3159622 1875.12057
-591.317883 1876.120568
-591.3198038 1877.120566
-591.3217246 1878.120565
-591.3236454 1879.120563
-591.3255662 1880.120561
-591.327487 1881.120559
-591.3294078 1882.120557
-591.3313286 1883.120555
-591.3332493 1884.120554
-591.3351701 1885.120552
-591.3370909 1886.12055
-591.3390117 1887.120548
-591.3409325 1888.120546
-591.3428533 1889.120544
-591.3447741 1890.120542
-591.3466949 1891.120541
-591.3486157 1892.120539
-591.3505365 1893.120537
-591.3524573 1894.120535
-591.3543781 1895.120533
-591.3562989 1896.120531
-591.3582197 1897.12053
-591.3601405 1898.120528
-591.3620613 1899.120526
-591.363982 1900.120524
-591.3659028 1901.120522
-591.3678236 1902.12052
-591.3697444 1903.120518
-591.3716652 1904.120517
-591.373586 1905.120515
-591.3755068 1906.120513
-591.3774276 1907.120511
-591.3793484 1908.120509
-591.3812692 1909.120507
-591.38319 1910.120506
-591.3851108 1911.120504
-591.3870316 1912.120502
-591.3889524 1913.1205
-591.3908732 1914.120498
-591.392794 1915.120496
-591.3947147 1916.120494
-591.3966355 1917.120493
-591.3985563 1918.120491
-591.4004771 1919.120489
-591.4023979 1920.120487
-591.4043187 1921.120485
-591.4062395 1922.120483
-591.4081603 1923.120482
-591.4100811 1924.12048
-591.4120019 1925.120478
-591.4139227 1926.120476
-591.4158435 1927.120474
-591.4177643 1928.120472
-591.4196851 1929.120471
-591.4216059 1930.120469
-591.4235267 1931.120467
-591.4254475 1932.120465
-591.4273682 1933.120463
-591.429289 1934.120461
-591.4312098 1935.120459
-591.4331306 1936.120458
-591.4350514 1937.120456
-591.4369722 1938.120454
-591.438893 1939.120452
-591.4408138 1940.12045
-591.4427346 1941.120448
-591.4446554 1942.120447
-591.4465762 1943.120445
-591.448497 1944.120443
-591.4504178 1945.120441
-591.4523386 1946.120439
-591.4542594 1947.120437
-591.4561802 1948.120435
-591.4581009 1949.120434
-591.4600217 1950.120432
-591.4619425 1951.12043
-591.4638633 1952.120428
-591.4657841 1953.120426
-591.4677049 1954.120424
-591.4696257 1955.120423
-591.4715465 1956.120421
-591.4734673 1957.120419
-591.4753881 1958.120417
-591.4773089 1959.120415
-591.4792297 1960.120413
-591.4811505 1961.120411
-591.4830713 1962.12041
-591.4849921 1963.120408
-591.4869129 1964.120406
-591.4888337 1965.120404
-591.4907544 1966.120402
-591.4926752 1967.1204
-591.494596 1968.120399
-591.4965168 1969.120397
-591.4984376 1970.120395
-591.5003584 1971.120393
-591.5022792 1972.120391
-591.5042 1973.120389
-591.5061208 1974.120387
