-0.03279728965523532 -0.006386175113205837
-0.03279728965523532 -0.006386175113205837
-0.03279728965523532 -0.006386175113205837
-0.03279728746208832 -0.006386175113205837
-0.03279728746208832 -0.006386175113205837
-0.03279728746208832 -0.006386175113205837
-0.03279728746208832 -0.006386175113205837
-0.03279728746208832 -0.006386175113205837
-0.03279728746208832 -0.006386175113205837
-0.03279728746208832 -0.006386175113205837
-0.03279728746208832 -0.006386175113205837
-0.03279728746208832 -0.006386175113205837
-0.03279728746208832 -0.006386175113205837
-0.03279728746208832 -0.006386175113205837
-0.03279728746208832 -0.006386175113205837
-0.03279728746208832 -0.006386175113205837
-0.03279728746208832 -0.006386175113205837
-0.03279728746208832 -0.006386175113205837
-0.03279728746208832 -0.006386175113205837
-0.03279728746208832 -0.006386175113205837
-0.03279728746208832 -0.006386175113205837
-0.03279728746208832 -0.006386175113205837
-0.03279728746208832 -0.006386175113205837
-0.03279728746208832 -0.006386175113205837
-0.03279728746208832 -0.006386175113205837
-0.03279728746208832 -0.006386175113205837
-0.03279728746208832 -0.006386175113205837
-0.03279728746208832 -0.006386175113205837
-0.03279728746208832 -0.006386175113205837
-0.03279728746208832 -0.006386175113205837
-0.03279728746208832 -0.006386175113205837
-0.03279728746208832 -0.006386175113205837
-0.03279728746208832 -0.006386175113205837
-0.03279728746208832 -0.006386175113205837
-0.03279728746208832 -0.006386175113205837
-0.03279728746208832 -0.006386175113205837
-0.03279728746208832 -0.006386175113205837
-0.03279728746208832 -0.006386175113205837
-0.03279728746208832 -0.006386175113205837
-0.03279728746208832 -0.006386175113205837
-0.03279728746208832 -0.006386175113205837
-0.03279728746208832 -0.006386175113205837
-0.03279728746208832 -0.006386175113205837
-0.03279728746208832 -0.006386175113205837
-0.03279728746208832 -0.006386175113205837
-0.03279728746208832 -0.006386175113205837
-0.03279728746208832 -0.006386175113205837
-0.03279728746208832 -0.006386175113205837
-0.03279728746208832 -0.006386175113205837
-0.03279728746208832 -0.006386175113205837
-0.03279728746208832 -0.006386175113205837
-0.03279728746208832 -0.006386175113205837
-0.03279728746208832 -0.006386175113205837
-0.03279728746208832 -0.006386175113205837
-0.03279728746208832 -0.006386175113205837
-0.03279728746208832 -0.006386175113205837
-0.03279728746208832 -0.006386175113205837
-0.03279728746208832 -0.006386175113205837
-0.03279728746208832 -0.006386175113205837
-0.03279728746208832 -0.006386175113205837
-0.03279728746208832 -0.006386175113205837
-0.03279728746208832 -0.006386175113205837
-0.03279728746208832 -0.006386175113205837
-0.03279728746208832 -0.006386175113205837
-0.03279728746208832 -0.006386175113205837
-0.03279728746208832 -0.006386175113205837
-0.03279728746208832 -0.006386175113205837
-0.03279728746208832 -0.006386175113205837
-0.03279728746208832 -0.006386175113205837
-0.03279728746208832 -0.006386175113205837
-0.03279728746208832 -0.006386175113205837
-0.03279728746208832 -0.006386175113205837
-0.03279728746208832 -0.006386175113205837
-0.03279728746208832 -0.006386175113205837
-0.03279728746208832 -0.006386175113205837
-0.03279728746208832 -0.006386175113205837
-0.03279728746208832 -0.006386175113205837
-0.03279728746208832 -0.006386175113205837
-0.03279728746208832 -0.006386175113205837
-0.03279728746208832 -0.006386175113205837
-0.03279728746208832 -0.006386175113205837
-0.03279728746208832 -0.006386175113205837
-0.03279728746208832 -0.006386175113205837
-0.03279728746208832 -0.006386175113205837
-0.03279728746208832 -0.006386175113205837
-0.03279728746208832 -0.006386175113205837
-0.03279728746208832 -0.006386175113205837
-0.03279728746208832 -0.006386175113205837
-0.03279728746208832 -0.006386175113205837
-0.03279728746208832 -0.006386175113205837
-0.03279728746208832 -0.006386175113205837
-0.03279728746208832 -0.006386175113205837
-0.03279728746208832 -0.006386175113205837
-0.03279728746208832 -0.006386175113205837
-0.03279728746208832 -0.006386175113205837
-0.03279728746208832 -0.006386175113205837
-0.03279728746208832 -0.006386175113205837
-0.03279728746208832 -0.006386175113205837
-0.03279728746208832 -0.006386175113205837
-0.03279728746208832 -0.006386175113205837
-0.03279728746208832 -0.006386175113205837
-0.03279728746208832 -0.006386175113205837
-0.03279728746208832 -0.006386175113205837
-0.03279728746208832 -0.006386175113205837
-0.03279728746208832 -0.006386175113205837
-0.03279728746208832 -0.006386175113205837
-0.03279728746208832 -0.006386175113205837
-0.03279728746208832 -0.006386175113205837
-0.03279728746208832 -0.006386175113205837
-0.03279728746208832 -0.006386175113205837
-0.03279728746208832 -0.006386175113205837
-0.03279728746208832 -0.006386175113205837
-0.03279728746208832 -0.006386175113205837
-0.03279728746208832 -0.006386175113205837
-0.03279728746208832 -0.006386175113205837
-0.03279728746208832 -0.006386175113205837
-0.03279728746208832 -0.006386175113205837
-0.03279728746208832 -0.006386175113205837
-0.03279728746208832 -0.006386175113205837
-0.03279728746208832 -0.006386175113205837
-0.03279728746208832 -0.006386175113205837
-0.03279728746208832 -0.006386175113205837
-0.03279728746208832 -0.006386175113205837
-0.03279728746208832 -0.006386175113205837
-0.03279728746208832 -0.006386175113205837
-0.03279728746208832 -0.006386175113205837
-0.03279728746208832 -0.006386175113205837
-0.03279728746208832 -0.006386175113205837
-0.03279728746208832 -0.006386175113205837
-0.03279728746208832 -0.006386175113205837
-0.03279728746208832 -0.006386175113205837
-0.03279728746208832 -0.006386175113205837
-0.03279728746208832 -0.006386175113205837
-0.03279728746208832 -0.006386175113205837
-0.03279728746208832 -0.006386175113205837
-0.03279728746208832 -0.006386175113205837
-0.03279728746208832 -0.006386175113205837
-0.03279728746208832 -0.006386175113205837
-0.03279728746208832 -0.006386175113205837
-0.03279728746208832 -0.006386175113205837
-0.03279728746208832 -0.006386175113205837
-0.03279728746208832 -0.006386175113205837
-0.03279728746208832 -0.006386175113205837
-0.03279728746208832 -0.006386175113205837
-0.03279728746208832 -0.006386175113205837
-0.03279728746208832 -0.006386175113205837
-0.03279728746208832 -0.006386175113205837
-0.03279728746208832 -0.006386175113205837
-0.03279728746208832 -0.006386175113205837
-0.03279728746208832 -0.006386175113205837
-0.03279728746208832 -0.006386175113205837
-0.03279728746208832 -0.006386175113205837
-0.03279728746208832 -0.006386175113205837
-0.03279728746208832 -0.006386175113205837
-0.03279728746208832 -0.006386175113205837
-0.03279728746208832 -0.006386175113205837
-0.03279728746208832 -0.006386175113205837
-0.03279728746208832 -0.006386175113205837
-0.03279728746208832 -0.006386175113205837
-0.03279728746208832 -0.006386175113205837
-0.03279728746208832 -0.006386175113205837
-0.03279728746208832 -0.006386175113205837
-0.03279728746208832 -0.006386175113205837
-0.03279728746208832 -0.006386175113205837
-0.03279728746208832 -0.006386175113205837
-0.03279728746208832 -0.006386175113205837
-0.03279728746208832 -0.006386175113205837
-0.03279728746208832 -0.006386175113205837
-0.03279728746208832 -0.006386175113205837
-0.03279728746208832 -0.006386175113205837
-0.03279728746208832 -0.006386175113205837
-0.03279728746208832 -0.006386175113205837
-0.03279728746208832 -0.006386175113205837
-0.03279728746208832 -0.006386175113205837
-0.03279728746208832 -0.006386175113205837
-0.03279728746208832 -0.006386175113205837
-0.03279728746208832 -0.006386175113205837
-0.03279728746208832 -0.006386175113205837
-0.03279728746208832 -0.006386175113205837
-0.03279728746208832 -0.006386175113205837
-0.03279728746208832 -0.006386175113205837
-0.03279728746208832 -0.006386175113205837
-0.03279728746208832 -0.006386175113205837
-0.03279728746208832 -0.006386175113205837
-0.03279728746208832 -0.006386175113205837
-0.03279728746208832 -0.006386175113205837
-0.03279728746208832 -0.006386175113205837
-0.03279728746208832 -0.006386175113205837
-0.03279728746208832 -0.006386175113205837
-0.03279728746208832 -0.006386175113205837
-0.03279728746208832 -0.006386175113205837
-0.03279728746208832 -0.006386175113205837
-0.03279728746208832 -0.006386175113205837
-0.03279728746208832 -0.006386175113205837
-0.03279728746208832 -0.006386175113205837
-0.03279728746208832 -0.006386175113205837
-0.03279728746208832 -0.006386175113205837
-0.03279728746208832 -0.006386175113205837
-0.03279728746208832 -0.006386175113205837
-0.03279728746208832 -0.006386175113205837
-0.03279728746208832 -0.006386175113205837
-0.03279728746208832 -0.006386175113205837
-0.03279728746208832 -0.006386175113205837
-0.03279728746208832 -0.006386175113205837
-0.03279728746208832 -0.006386175113205837
-0.03279728746208832 -0.006386175113205837
-0.03279728746208832 -0.006386175113205837
-0.03279728746208832 -0.006386175113205837
-0.03279728746208832 -0.006386175113205837
-0.03279728746208832 -0.006386175113205837
-0.03279728746208832 -0.006386175113205837
-0.03279728746208832 -0.006386175113205837
-0.03279728746208832 -0.006386175113205837
-0.03279728746208832 -0.006386175113205837
-0.03279728746208832 -0.006386175113205837
-0.03279728746208832 -0.006386175113205837
-0.03279728746208832 -0.006386175113205837
-0.03279728746208832 -0.006386175113205837
-0.03279728746208832 -0.006386175113205837
-0.03279728746208832 -0.006386175113205837
-0.03279728746208832 -0.006386175113205837
-0.03279728746208832 -0.006386175113205837
-0.03279728746208832 -0.006386175113205837
-0.03279728746208832 -0.006386175113205837
-0.03279728746208832 -0.006386175113205837
-0.03279728746208832 -0.006386175113205837
-0.03279728746208832 -0.006386175113205837
-0.03279728746208832 -0.006386175113205837
-0.03279728746208832 -0.006386175113205837
-0.03279728746208832 -0.006386175113205837
-0.03279728746208832 -0.006386175113205837
-0.03279728746208832 -0.006386175113205837
-0.03279728746208832 -0.006386175113205837
-0.03279728746208832 -0.006386175113205837
-0.03279728746208832 -0.006386175113205837
-0.03279728746208832 -0.006386175113205837
-0.03279728965523532 -0.006386175113205837
-0.03279728965523532 -0.006386175113205837
-0.03279728965523532 -0.006386175113205837
-0.03279728965523532 -0.006386175113205837
-0.03279728746208832 -0.006386175113205837
-0.03279728746208832 -0.006386175113205837
-0.03279728965523532 -0.006386175113205837
-0.03279728746208832 -0.006386175113205837
-0.03279728746208832 -0.006386175113205837
-0.03279721070174446 -0.006386175113205837
-0.03279696287556533 -0.006386173468341425
-0.032796590039694706 -0.006386172920053288
-0.03279611851196762 -0.006386172371765151
-0.03279555706501469 -0.006386172371765151
-0.03279493201664252 -0.006386172371765151
-0.0327942499462921 -0.006386172920053288
-0.03279351085402027 -0.006386172920053288
-0.032792708160300776 -0.006386172920053288
-0.03279182870629427 -0.006386172920053288
-0.03279086371931328 -0.006386173468341425
-0.03278980442681245 -0.006386173468341425
-0.03278864863560216 -0.006386175113205837
-0.03278738537994741 -0.006386175661493974
-0.03278601027352579 -0.006386176758070248
-0.0327845145437351 -0.0063861778546465235
-0.03278289599741413 -0.0063861778546465235
-0.032781161214032295 -0.006386179499510935
-0.03277931457986938 -0.006386180047799072
-0.03277735828812922 -0.00638618059608721
-0.03277529453191619 -0.006386182240951621
-0.0327731255044057 -0.006386182789239758
-0.032770846819261124 -0.006386183337527896
-0.03276847382861092 -0.006386184982392308
-0.032766087679036104 -0.006386185530680445
-0.03276370372259407 -0.00638618662725672
-0.03276131537985805 -0.006386187723832994
-0.03275892045766682 -0.006386188272121131
-0.03275652334232859 -0.006386189368697406
-0.03275399025154968 -0.006386190465273681
-0.03275127074283546 -0.006386191013561818
-0.03274849859845119 -0.006386192110138093
-0.03274571548833194 -0.00638619265842623
-0.03274293895765368 -0.006386193206714367
-0.03274018655164923 -0.006386194851578779
-0.03273746484978801 -0.006386195399866916
-0.032734769465747604 -0.0063861959481550535
-0.0327320806611624 -0.006386197044731328
-0.03272937431134437 -0.006386197593019466
-0.03272662848480934 -0.006386199237883877
-0.03272385195413108 -0.006386199786172014
-0.03272106445770362 -0.006386200334460152
-0.03271828573387836 -0.006386200882748289
-0.03271552674841871 -0.006386202527612701
-0.03271277653557547 -0.006386203075900838
-0.03271002632271802 -0.006386204172477113
-0.032707247598892764 -0.00638620472076525
-0.03270442281885266 -0.006386205817341524
-0.03270153663056874 -0.006386206913917799
-0.032698575875116376 -0.006386207462205936
-0.03269555151825898 -0.0063862080104940735
-0.032692498650391144 -0.006386209655358486
-0.03268943700993532 -0.006386210203646623
-0.03268636659687729 -0.00638621075193476
-0.03268327425227824 -0.006386211848511035
-0.032680135851492764 -0.006386212945087309
-0.032676938235610464 -0.006386213493375446
-0.032673663859370095 -0.006386215138239859
-0.0326703039502263 -0.006386217331392407
-0.032666845349197615 -0.006386218427968682
-0.0326632880563551 -0.0063862200728330935
-0.0326596232990255 -0.006386222265985643
-0.03265584669097166 -0.006386224459138192
-0.032652024026688764 -0.006386225555714466
-0.03264819478295067 -0.0063862272005788786
-0.03264428439260314 -0.006386229393731428
-0.03264022706103731 -0.006386231038595839
-0.03263610832122765 -0.0063862326834602514
-0.032631963263568764 -0.006386234328324663
-0.032627791888089064 -0.006386235973189075
-0.032623611740021374 -0.006386237618053487
-0.032619440364541674 -0.006386239811206036
-0.032615295306896996 -0.006386240907782311
-0.032611172180779135 -0.006386243100934859
-0.03260705124780827 -0.0063862452940874085
-0.03260295663267243 -0.006386246938951821
-0.03259901334502047 -0.006386248035528095
-0.03259520164650098 -0.006386250228680644
-0.03259150837821778 -0.006386252421833194
-0.03258791818807083 -0.006386253518409468
-0.03258443107607434 -0.00638625516327388
-0.03258103388333211 -0.006386255711562017
-0.03257772660981573 -0.006386256808138291
-0.032574500482922986 -0.0063862579047145665
-0.03257130067389369 -0.006386258453002704
-0.03256810086485018 -0.006386259549578978
-0.03256505238327634 -0.006386260646155253
-0.03256216400184542 -0.00638626119444339
-0.03255936553962613 -0.006386262291019664
-0.032556628485693295 -0.006386262839307801
-0.0325539331016671 -0.0063862633875959385
-0.03255126622858029 -0.006386265032460351
-0.032548623480181504 -0.006386265580748488
-0.03254599169756034 -0.006386266129036625
-0.03254335991491075 -0.006386267773901037
-0.03254073690489179 -0.006386267773901037
-0.03253810512227062 -0.006386269418765449
-0.03253546895332704 -0.0063862699670535865
-0.03253273847884941 -0.006386270515341724
-0.0325299136987951 -0.006386272160206136
-0.032527045055729786 -0.006386272708494273
-0.032524165446915276 -0.00638627325678241
-0.03252129022438055 -0.006386274901646821
-0.03251842158130103 -0.006386275449934959
-0.03251555732452971 -0.0063862759982230965
-0.03251270622668301 -0.006386277094799371
-0.03250985293568931 -0.006386277643087508
-0.03250700622410818 -0.006386278739663783
-0.03250415512626148 -0.006386279836240057
-0.03250129525579837 -0.006386280384528194
-0.032498400294912244 -0.0063862820293926065
-0.03249545489150307 -0.006386282577680744
-0.03249243930724788 -0.006386283125968881
-0.032489346962648824 -0.006386284770833293
-0.03248616031250151 -0.00638628531912143
-0.03248287716365894 -0.006386287512273979
-0.03247948435722492 -0.006386288608850254
-0.03247598627946502 -0.006386290253714666
-0.03247238073724645 -0.006386292446867215
-0.03246869185525725 -0.006386294640019764
-0.03246496568966961 -0.006386295736596039
-0.03246124391039018 -0.00638629738146045
-0.03245754844893156 -0.006386298478036725
-0.03245390342998178 -0.006386300671189274
-0.03245031323983483 -0.006386302864341823
-0.03244679103741532 -0.006386304509206235
-0.03244334120900305 -0.006386305605782509
-0.032439970334081636 -0.006386307798935059
-0.03243667402632866 -0.006386309443799471
-0.03243345667203812 -0.006386309992087608
-0.03243027440819901 -0.006386310540375745
-0.032427089951212906 -0.006386311088663882
-0.03242401953814067 -0.006386312733528294
-0.03242113992931195 -0.0063863132818164315
-0.03241837217122168 -0.006386313830104569
-0.03241567459402006 -0.006386315474968981
-0.03241304061823769 -0.006386315474968981
-0.03241046585755214 -0.006386317119833392
-0.03240796566404924 -0.006386317668121529
-0.03240553345824537 -0.006386318216409667
-0.03240318239910778 -0.006386319861274079
-0.03240089932768342 -0.006386320957850354
-0.032398703982323696 -0.006386322054426628
-0.032396618294583845 -0.006386322602714765
-0.03239463349184746 -0.006386322602714765
-0.03239274080148391 -0.006386322602714765
-0.03239091390570081 -0.006386322054426628
-0.032389115520899736 -0.006386322602714765
-0.03238729520458605 -0.006386322602714765
-0.032385422252602325 -0.006386322602714765
-0.03238347254028895 -0.006386322054426628
-0.032381476771803364 -0.006386322602714765
-0.03237947661698115 -0.006386322602714765
-0.03237749620056718 -0.006386322602714765
-0.03237551139781658 -0.006386322602714765
-0.03237348931148176 -0.006386322054426628
-0.032371401430594915 -0.006386322602714765
-0.03236922801676201 -0.006386322602714765
-0.03236696468370326 -0.006386322054426628
-0.032364609238229036 -0.006386322054426628
-0.03236220335028861 -0.006386320957850354
-0.03235976017873554 -0.006386318764697804
-0.03235722708794242 -0.006386318764697804
-0.03235467425876948 -0.006386320957850354
-0.032352114850155544 -0.006386325892443589
-0.0323495488620722 -0.006386332471901237
-0.032346857864339995 -0.006386339599647021
-0.03234409010624972 -0.00638634782396908
-0.03234129383720585 -0.0063863560482911395
-0.032338495374972354 -0.006386363724325061
-0.03233570349223669 -0.006386372496935257
-0.03233292476839722 -0.0063863807212573166
-0.03233013069250035 -0.006386388945579376
-0.03232731029876845 -0.006386398266477709
-0.032324435076233726 -0.006386407587376044
-0.03232149625229397 -0.006386415811698103
-0.03231847628171636 -0.006386425132596437
-0.03231536858504569 -0.006386433905206633
-0.03231216000338577 -0.006386443774393104
-0.03230884615041418 -0.006386453095291438
-0.03230542483295551 -0.006386463512766046
-0.03230192675520982 -0.006386473930240655
-0.03229838920070449 -0.0063864854442915375
-0.03229485603252158 -0.006386495313478008
-0.03229134698899827 -0.006386506279240754
-0.032287881808500174 -0.006386516148427225
-0.03228446926368633 -0.006386526017613696
-0.03228112251342452 -0.006386535886800167
-0.03227784155774316 -0.006386545755986638
-0.032274635169216026 -0.006386555625173109
-0.03227149676840213 -0.006386564397783305
-0.03226843074165231 -0.00638657371868164
-0.0322654107710747 -0.006386581943003698
-0.03226241492514248 -0.006386591263902033
-0.03225942346554689 -0.006386599488224092
-0.03225640788127748 -0.0063866088091224255
-0.03225334843394023 -0.006386617033444485
-0.032250231964667364 -0.0063866269026309555
-0.032247060666591665 -0.006386636771817426
-0.032243871823297354 -0.006386646092715761
-0.03224067859368063 -0.006386655413614094
-0.03223750729560493 -0.006386664734512428
-0.032234357929041835 -0.006386674603698899
-0.03223124584606296 -0.00638668447288537
-0.032228173239829516 -0.006386693245495566
-0.0322251488829437 -0.006386701469817626
-0.032222170582258514 -0.006386710790715959
-0.032219242724067954 -0.006386719563326156
-0.03221636530835781 -0.006386728335936352
-0.03221353833518492 -0.006386736560258411
-0.032210717941453026 -0.006386744784580471
-0.032207904127162124 -0.006386753557190667
-0.03220523506095674 -0.006386761233224589
-0.03220270635645761 -0.0063867689092585115
-0.032200289502711144 -0.006386776037004296
-0.03219795818193916 -0.00638678316475008
-0.032195688269410994 -0.006386789744207728
-0.03219343370894023 -0.006386796871953512
-0.032191176955322476 -0.006386803999699297
-0.03218892678115992 -0.0063868111274450814
-0.032186566949391704 -0.0063868182551908665
-0.03218414790251245 -0.006386824834648514
-0.03218173324195561 -0.006386831962394298
-0.032179325160811345 -0.006386839090140083
-0.032176903920799305 -0.006386846217885867
-0.03217448487389163 -0.006386853345631652
-0.03217204170233856 -0.006386859925089299
-0.03216943185121579 -0.006386868697699496
-0.032166725501397764 -0.006386876922021555
-0.03216395993648291 -0.0063868851463436144
-0.03216113296329581 -0.006386893918953811
-0.03215824677496926 -0.006386902691564007
-0.03215529917841309 -0.006386912012462341
-0.03215230771883171 -0.006386921881648812
-0.03214928336193168 -0.006386931750835283
-0.03214625023244366 -0.006386941071733617
-0.03214321490979444 -0.006386950392631951
-0.03214019713234961 -0.006386960261818422
-0.032137183741227204 -0.006386969582716755
-0.03213416596379659 -0.006386979451903227
-0.03213112186851674 -0.006386989321089697
-0.0321280448759893 -0.006386999190276169
-0.03212493937246563 -0.00638700905946264
-0.032121820710017346 -0.006387017832072836
-0.03211869327498107 -0.0063870277012593075
-0.03211558119201641 -0.006387037570445778
-0.03211248446110915 -0.006387047439632249
-0.032109407468553286 -0.006387056760530583
-0.032106341441775044 -0.006387066629717054
-0.032103299539656405 -0.0063870764989035255
-0.03210025763755198 -0.006387085819801859
-0.032097228894372165 -0.006387095140700193
-0.03209420234431093 -0.006387105009886664
-0.03209119114633552 -0.006387114879073135
-0.03208821065247491 -0.006387124199971468
-0.03208526963540237 -0.006387132972581665
-0.03208237906078182 -0.006387142293479999
-0.03207952357659849 -0.006387150517802058
-0.032076665899296586 -0.006387159838700392
-0.032073867437063086 -0.0063871680630224505
-0.032071240040721705 -0.006387176835632648
-0.03206875739243742 -0.006387184511666569
-0.03206638878805279 -0.006387191091124217
-0.03206411448921642 -0.006387198218870001
-0.03206196739320433 -0.0063872053466157855
-0.032059967238396325 -0.006387210829497158
-0.032058087706957394 -0.006387217408954806
-0.03205631125365471 -0.006387222891836179
-0.032054604981240686 -0.006387227826429414
-0.032052933799278094 -0.006387233309310787
-0.0320512911282691 -0.006387238243904023
-0.03204967258193392 -0.006387243726785396
-0.032048086932903175 -0.006387248661378631
-0.03204652979482603 -0.006387254692548141
-0.0320449858156735 -0.006387259627141376
-0.032043417711847155 -0.006387265110022749
-0.03204179258605677 -0.006387270044615985
-0.03204008192733454 -0.006387275527497358
-0.03203827696307826 -0.006387281010378731
-0.03203636892065731 -0.006387287041548241
-0.0320343578000859 -0.006387293072717751
-0.03203224140820282 -0.006387300200463536
-0.032030021938169284 -0.00638730732820932
-0.03202769500366287 -0.006387315004243242
-0.03202530008147164 -0.006387320487124615
-0.0320229161250154 -0.0063873281631585364
-0.03202056945215759 -0.006387334742616184
-0.0320182644491922 -0.006387343515226381
-0.03201600988872144 -0.006387351191260302
-0.03201380577075952 -0.006387360512158637
-0.03201166964048241 -0.00638736983305697
-0.032009608077430585 -0.006387380250531578
-0.03200762766098819 -0.006387389023141774
-0.03200573277747765 -0.006387398344040109
-0.03200392562006016 -0.006387407664938442
-0.03200221496133793 -0.006387415889260502
-0.032000618346529563 -0.006387423565294423
-0.03199914454825148 -0.006387430693040208
-0.031997791373342466 -0.006387436724209718
-0.031996528117673506 -0.006387443303667365
-0.031995332849717784 -0.006387448786548738
-0.03199418802425669 -0.006387454269430111
-0.031993067323469404 -0.006387459204023347
-0.031991944429549335 -0.006387465235192857
-0.03199079521779424 -0.006387470169786092
-0.03198959337038332 -0.006387476200955602
-0.03198831914895095 -0.006387481683836975
-0.03198695500829274 -0.0063874888115827595
-0.031985489982616855 -0.006387495391040407
-0.031983908719865894 -0.006387503067074329
-0.031982213413201066 -0.006387510743108251
-0.031980399676328375 -0.00638751896743031
-0.031978482861319435 -0.006387528288328644
-0.031976498058554625 -0.0063875381575151146
-0.03197450886949582 -0.006387548026701586
-0.03197255257772724 -0.006387556251023645
-0.03197065769424512 -0.006387565571921979
-0.03196885272996042 -0.006387574344532175
-0.031967153036987384 -0.006387582020566098
-0.03196558493317525 -0.006387590244888157
-0.03196414183902618 -0.006387596276057667
-0.03196282156137897 -0.006387602855515314
-0.031961624100290464 -0.006387608338396687
-0.031960538489940404 -0.00638761382127806
-0.031959612979719054 -0.006387618755871295
-0.031959152417755377 -0.00638762369046453
-0.03195909320264434 -0.00638762588361708
-0.03195909100948313 -0.006387626431905217
-0.03195910855470174 -0.006387626431905217
-0.03195913048621435 -0.006387626431905217
-0.031959152417755377 -0.006387626431905217
-0.03195917434928219 -0.006387626431905217
-0.031959191894500805 -0.006387626431905217
-0.031959205053397 -0.006387626431905217
-0.03195921163286641 -0.006387626431905217
-0.03195919847395601 -0.006387626431905217
-0.031959172156120985 -0.006387626431905217
-0.03195914145197776 -0.006387626431905217
-0.03195910855470174 -0.006387626431905217
-0.03195906469164811 -0.006387626431905217
-0.031959023021755684 -0.006387626431905217
-0.03195897915871626 -0.006387626431905217
-0.03195893310251563 -0.006387626431905217
-0.03195888704632921 -0.006387626431905217
-0.03195883879698158 -0.006387626431905217
-0.031958788354472745 -0.006387626431905217
-0.03195873791199233 -0.006387626431905217
-0.03195868746946928 -0.006387626431905217
-0.03195863702697466 -0.006387626431905217
-0.031958582198171825 -0.006387626431905217
-0.03195852956251599 -0.006387626431905217
-0.03195847692686016 -0.006387626431905217
-0.031958422098057326 -0.006387626431905217
-0.031958367269254495 -0.006387626431905217
-0.031958312440451664 -0.006387626431905217
-0.03195825761164883 -0.006387626431905217
-0.031958204975993 -0.006387626431905217
-0.03195814795404317 -0.006387626431905217
-0.031958086545770925 -0.006387626431905217
-0.031958020751204685 -0.006387626431905217
-0.031957900127835615 -0.00638762588361708
-0.03195772686881071 -0.006387626431905217
-0.03195751413305459 -0.006387628076769629
-0.03195723340955681 -0.006387628625057766
-0.03195686495999439 -0.006387629173345903
-0.03195642413639632 -0.006387631366498453
-0.03195591093879102 -0.00638763191478659
-0.03195532317398886 -0.006387633011362864
-0.03195466742147346 -0.006387634656227276
-0.03195395026071424 -0.0063876368493798255
-0.03195314318068654 -0.006387641235684923
-0.03195224618144721 -0.006387645621990022
-0.03195126364926182 -0.006387649460006983
-0.03195019777729158 -0.006387653298023943
-0.03194904417921407 -0.00638765603946463
-0.031947813820821125 -0.006387658780905316
-0.03194649792951054 -0.006387661522346003
-0.031945083346329284 -0.006387664812074826
-0.03194355910554236 -0.006387668101803651
-0.03194191643453337 -0.006387671391532474
-0.031940161912771714 -0.006387691678193553
-0.03193830431284539 -0.006387733348091986
-0.03193637872522004 -0.006387764600515811
-0.031934444364964065 -0.006387789273481989
-0.03193254290199832 -0.006387809560143069
-0.0319306962678354 -0.0063878276536515986
-0.031928915428252935 -0.006387844102295717
-0.031927202576369496 -0.006387859454363561
-0.03192556209853592 -0.00638787370985513
-0.03192398960838716 -0.006387886868770425
-0.03192248510598006 -0.006387900027685719
-0.03192104420496378 -0.00638791209002474
-0.03191966032592575 -0.00638792415236376
-0.031918304957869736 -0.006387935118126506
-0.031916949589799515 -0.006387946632177389
-0.03191557886965768 -0.006387958694516409
-0.03191419279748686 -0.006387970208567292
-0.03191279795267121 -0.006387982819194449
-0.03191141626678018 -0.006387994333245332
-0.03191006089870996 -0.006388006395584352
-0.03190871868956435 -0.006388017361347097
-0.03190738963932915 -0.006388029423686117
-0.03190607374799015 -0.006388040389448863
-0.03190477978817796 -0.006388051903499746
-0.031903514339376216 -0.006388062869262492
-0.03190227740151386 -0.0063880732867371
-0.03190107774727835 -0.006388084252499846
-0.031899910990290437 -0.006388094121686317
-0.03189878371004795 -0.006388102894296513
-0.03189769152024269 -0.006388113311771122
-0.031896636614035856 -0.006388122084381318
-0.03189559705988643 -0.006388130856991515
-0.03189455750575121 -0.006388139629601711
-0.03189349163376676 -0.006388148402211908
-0.031892370932979475 -0.006388158271398378
-0.031891184437654374 -0.006388169237161124
-0.031889910216207795 -0.006388179654635733
-0.03188853949608017 -0.0063881911686866156
-0.031887056925199886 -0.00638820432760191
-0.03188546031039152 -0.006388217486517205
-0.031883745265361085 -0.006388232838585048
-0.03188191398325557 -0.00638824873894103
-0.03187997085038319 -0.006388265735873286
-0.031877924639374555 -0.0063882832810936785
-0.03187576877076026 -0.0063883013746022085
-0.0318735076308343 -0.006388321112975151
-0.031871141219596666 -0.006388342496212504
-0.03186872436587862 -0.0063883633311617215
-0.03186632286420377 -0.006388383617822801
-0.031863956452966136 -0.00638840390448388
-0.031861636097914925 -0.006388424191144959
-0.03185936618538676 -0.0063884433812297645
-0.031857146715353224 -0.006388463119602706
-0.03185498646041651 -0.006388481213111237
-0.03185290515897066 -0.006388499306619767
-0.031850905004162655 -0.006388515755263885
-0.031848985995978296 -0.006388531655619866
-0.031847152520725786 -0.00638854700768771
-0.03184539580580292 -0.006388561811467417
-0.03184371365806271 -0.006388576066958986
-0.031842101691182734 -0.006388590322450555
-0.03184056209833841 -0.00638860348136585
-0.03183908391373791 -0.0063886155437048705
-0.03183766933055665 -0.006388627057755753
-0.03183631615566185 -0.006388638571806636
-0.03183502000270266 -0.006388649537569381
-0.03183378087169331 -0.006388660503332127
-0.03183259876264799 -0.00638866982423046
-0.03183146928927272 -0.006388679693416932
-0.03183036613370405 -0.006388689562603403
-0.031829262978149586 -0.006388698883501737
-0.0318281356979071 -0.006388708752688208
-0.03182695797516999 -0.006388718621874678
-0.031825707878411436 -0.006388729039349287
-0.03182437444185382 -0.006388740005112033
-0.031822940120321164 -0.006388752067451053
-0.031821396141168634 -0.00638876467807821
-0.031819731538647034 -0.006388778933569779
-0.03181795069905036 -0.0063887942856376235
-0.031816062394995015 -0.006388809637705467
-0.031814060047025805 -0.006388826634637723
-0.031811954620891925 -0.006388844728146253
-0.03180973953716659 -0.006388862821654784
-0.0318074213752908 -0.006388882560027726
-0.03180500671469133 -0.006388902298400667
-0.031802578895195666 -0.006388924778214296
-0.03180008747428076 -0.006388947258027924
-0.03179757631498603 -0.006388967544689004
-0.031795058576278734 -0.006388985638197534
-0.031792540837514593 -0.0063890026351297894
-0.0317898937028076 -0.006389019632062045
-0.03178706015013688 -0.006389037177282438
-0.0317840972015091 -0.006389055270790969
-0.031781002663748836 -0.006389073364299499
-0.031777785309458295 -0.006389093102672441
-0.031774445138637475 -0.00638911338933352
-0.03177098434443337 -0.006389134772570874
-0.0317674007337132 -0.006389155607520091
-0.03176369649963817 -0.006389178635621857
-0.0317599462093483 -0.006389201115435485
-0.03175618714645623 -0.006389223595249113
-0.031752344743793515 -0.006389247171639016
-0.0317483553999125 -0.006389271296317057
-0.031744306840920444 -0.006389295969283234
-0.03174023854357699 -0.006389320642249412
-0.031736176825688744 -0.00638934531521559
-0.031732134846151894 -0.006389369988181767
-0.03172812576389106 -0.006389394112859808
-0.03172415396524286 -0.006389418237537848
-0.03172021725701768 -0.00638942591357177
-0.03171628493511491 -0.006389396306012356
-0.03171237673785754 -0.006389365601876669
-0.03170861548181847 -0.006389338735757942
-0.03170499678067529 -0.006389315159368039
-0.031701498702872755 -0.006389291034689999
-0.03169811466901251 -0.006389268554876371
-0.03169482274755353 -0.006389245526774605
-0.03169162951792259 -0.006389223595249113
-0.031688521821237714 -0.006389201115435485
-0.03168549527119069 -0.006389180828774405
-0.031682495038964475 -0.006389159993825189
-0.03167949261356284 -0.00638913970716411
-0.03167664151567351 -0.0063891199687911675
-0.031674007539891136 -0.006389102423570775
-0.03167153366419484 -0.006389085974926656
-0.03166916725295721 -0.006389068429706263
-0.031666897340400624 -0.0063890525293502825
-0.03166475901700494 -0.006389034435841752
-0.03166276763479914 -0.006389017987197634
-0.0316609034554034 -0.006389002086841652
-0.03165913796787834 -0.006388987283061946
-0.031657464592740325 -0.006388973027570377
-0.031655865784770754 -0.006388959320366944
-0.03165433496451442 -0.006388946709739787
-0.031652861166236335 -0.006388934099112629
-0.031651411492632064 -0.006388922036773609
-0.03164995523955838 -0.006388909426146452
-0.031648452930284066 -0.006388896815519294
-0.0316468826332823 -0.006388884204892137
-0.0316452136444525 -0.006388869949400568
-0.03164344596378044 -0.006388854597332724
-0.031641566432327295 -0.00638883924526488
-0.0316395860158849 -0.006388822248332625
-0.031637495941822635 -0.006388804703112231
-0.03163530278960991 -0.006388787157891838
-0.03163299997977731 -0.006388767419518896
-0.031630607250704657 -0.00638874658456968
-0.031628214521646214 -0.00638872849106115
-0.03162581959942656 -0.0063887071078237954
-0.03162341809775171 -0.0063886890143152655
-0.031621016596076856 -0.006388668727654186
-0.031618641412222814 -0.006388651182433793
-0.03161620043380253 -0.006388631444060851
-0.031613757262235254 -0.006388611705687909
-0.03161133602219479 -0.00638858922587428
-0.031609105586412056 -0.00638857935668781
-0.03160731597418476 -0.0063885727772301625
-0.03160601982122557 -0.006388565649484377
-0.03160523028644491 -0.0063885661977725145
-0.031604978073914936 -0.006388576615247123
-0.031604960528696324 -0.006388582098128496
-0.031604980267076144 -0.006388583742992907
-0.03160501097120516 -0.006388583742992907
-0.03160504606164238 -0.006388583742992907
-0.0316050767657714 -0.00638858319470477
-0.03160510527673921 -0.006388582098128496
-0.03160510527673921 -0.006388581001552221
-0.031605059220567 -0.006388578260111535
-0.03160499123282534 -0.006388575518670849
-0.0316049078930547 -0.006388571680653887
-0.03160481578065344 -0.006388568390925064
-0.031604717088825396 -0.006388564004619966
-0.03160461620380772 -0.006388560714891142
-0.031604510932496055 -0.006388556876874181
-0.031604407854345595 -0.0063885535871453574
-0.03160430696934213 -0.006388550297416534
-0.03160420608435288 -0.006388546459399572
-0.03160410519934942 -0.006388543169670749
-0.03160400870063995 -0.006388538783365651
-0.031603912201958906 -0.006388536041924965
-0.03160381351010244 -0.006388531655619866
-0.03160371701139297 -0.0063885289141791795
-0.03160362489902013 -0.006388526172738493
-0.03160353278660466 -0.006388523431297807
-0.031603442867364606 -0.006388520141568983
-0.031603352948152974 -0.006388517948416435
-0.0316032630288845 -0.006388515206975748
-0.031603173109644445 -0.006388511917246924
-0.0316030853835656 -0.006388509175806237
-0.03160299985063375 -0.006388506434365552
-0.03160291431768769 -0.006388504241213002
-0.03160283097790284 -0.006388501499772316
-0.03160274544497099 -0.0063884987583316295
-0.03160266429831893 -0.006388496016890943
-0.031602583151709496 -0.006388493823738394
-0.03160250200505743 -0.006388491082297707
-0.03160242085843379 -0.006388488340857021
-0.03160234190495714 -0.0063884855994163344
-0.0316022629514805 -0.006388482857975648
-0.03160218399798964 -0.0063884806648230996
-0.031602107237674204 -0.006388477923382413
-0.03160202828418335 -0.006388475730229864
-0.03160195152386791 -0.006388472988789177
-0.03160187695668526 -0.006388470247348491
-0.03160180019635561 -0.0063884675059078045
-0.031601723436040174 -0.006388464216178981
-0.03160165106201873 -0.0063884614747382945
-0.03160157649483608 -0.006388458733297608