0.000000 0.000000
0.000000 0.000000
0.000000 0.000000
0.000000 0.000000
0.000000 0.000000
0.000000 0.000000
0.000000 0.000000
0.000000 0.000000
0.000000 0.000000
0.000000 0.000000
0.000000 0.000000
0.000000 0.000000
0.000000 0.000000
0.000000 0.000000
0.000000 0.000000
0.000000 0.000000
0.000000 0.000000
0.000000 0.000000
0.000000 0.000000
0.000000 0.000000
0.000000 0.000000
0.000000 0.000000
0.000000 0.000000
0.000000 0.000000
0.000000 0.000000
0.000000 0.000000
0.000000 0.000000
0.000000 0.000000
0.000000 0.000000
0.000000 0.000000
0.000000 0.000000
0.000000 -0.000000
0.000000 -0.000000
0.000000 0.000000
0.000000 0.000000
0.000000 -0.000000
0.000000 -0.000000
0.000000 -0.000000
0.003433 -0.007276
0.014062 -0.031043
0.029299 -0.065481
0.048907 -0.110589
0.070858 -0.160063
0.094457 -0.213418
0.117812 -0.266287
0.141099 -0.319157
0.165789 -0.374937
0.192348 -0.435082
0.219541 -0.496682
0.246726 -0.557797
0.273293 -0.618427
0.299158 -0.677117
0.324077 -0.733867
0.347516 -0.786736
0.369475 -0.836210
0.390487 -0.883259
0.411035 -0.929823
0.432207 -0.977842
0.454944 -1.029257
0.479322 -1.084066
0.506118 -1.144696
0.534401 -1.208722
0.561983 -1.271292
0.588466 -1.330952
0.614095 -1.388672
0.639563 -1.446392
0.666443 -1.507507
0.695269 -1.572502
0.726292 -1.642833
0.759726 -1.718500
0.796372 -1.800956
0.836451 -1.891659
0.880285 -1.991092
0.927162 -2.097316
0.975681 -2.206936
1.024275 -2.317040
1.073342 -2.428114
1.122799 -2.539674
1.172485 -2.652203
1.220774 -2.760852
1.267491 -2.866591
1.313354 -2.969905
1.357813 -3.070793
1.400785 -3.167316
1.442031 -3.261414
1.481096 -3.349207
1.518284 -3.433119
1.553526 -3.515091
1.585404 -3.596092
1.616259 -3.674184
1.646656 -3.746940
1.675718 -3.814846
1.703926 -3.880326
1.731897 -3.944837
1.760569 -4.010802
1.790646 -4.079678
1.822211 -4.151949
1.856194 -4.230526
1.890185 -4.308617
1.923230 -4.384284
1.955733 -4.458980
1.988625 -4.534646
2.022769 -4.613223
2.058942 -4.696165
2.097778 -4.785412
2.139810 -4.882421
2.185513 -4.987674
2.235359 -5.102629
2.289813 -5.227285
2.349036 -5.364066
2.413264 -5.512003
2.482955 -5.672552
2.557719 -5.844741
2.635696 -6.023236
2.714062 -6.204157
2.791093 -6.381682
2.866179 -6.554356
2.938761 -6.721210
3.008376 -6.881274
3.075564 -7.036002
3.141738 -7.188304
3.208308 -7.341577
3.276748 -7.499216
3.348239 -7.663644
3.423553 -7.837289
3.501607 -8.016754
3.579812 -8.197189
3.656614 -8.373744
3.731303 -8.545934
3.803573 -8.711817
3.872958 -8.871881
3.939681 -9.025154
4.003512 -9.172121
4.064452 -9.311813
4.122889 -9.446654
4.180082 -9.578585
4.237504 -9.710516
4.296185 -9.845843
4.356263 -9.983594
4.416889 -10.123286
4.476509 -10.260553
4.534793 -10.394909
4.592604 -10.527810
4.650889 -10.661681
4.711286 -10.800888
4.774645 -10.946885
4.841917 -11.101128
4.913325 -11.266042
4.987784 -11.437262
5.062709 -11.608966
5.136703 -11.779215
5.208576 -11.945099
5.278191 -12.105163
5.345150 -12.259406
5.409531 -12.406858
5.470936 -12.548490
5.529922 -12.684301
5.587504 -12.817202
5.645247 -12.950104
5.703371 -13.083490
5.761579 -13.217846
5.818849 -13.349292
5.874402 -13.477343
5.927994 -13.601513
5.979480 -13.719378
6.028784 -13.832878
6.076600 -13.943467
6.123867 -14.052116
6.170584 -14.159795
6.216058 -14.264079
6.260128 -14.364968
6.302000 -14.461491
6.341927 -14.553163
6.380443 -14.641926
6.418882 -14.730203
6.457321 -14.818966
6.496233 -14.908213
6.536236 -15.000856
6.578345 -15.097379
6.622095 -15.198268
6.667569 -15.302551
6.713897 -15.409260
6.760775 -15.516939
6.807500 -15.625103
6.853599 -15.730357
6.899378 -15.836096
6.945005 -15.940865
6.989853 -16.044179
7.035014 -16.147492
7.079000 -16.249351
7.121582 -16.347329
7.163615 -16.444337
7.204709 -16.538920
7.244400 -16.630108
7.282686 -16.718385
7.319401 -16.802782
7.354719 -16.883784
7.387924 -16.960421
7.419253 -17.032207
7.449177 -17.101082
7.477773 -17.167048
7.505195 -17.230588
7.531686 -17.291218
7.557154 -17.350393
7.581684 -17.406173
7.605512 -17.460498
7.629264 -17.515307
7.653954 -17.572542
7.679819 -17.632202
7.706615 -17.693317
7.735212 -17.759283
7.765449 -17.829614
7.795449 -17.898489
7.824588 -17.964940
7.853970 -18.032361
7.882246 -18.097841
7.909202 -18.159926
7.935144 -18.219586
7.960925 -18.279246
7.987645 -18.340362
8.016318 -18.405842
8.046944 -18.476658
8.079996 -18.552324
8.116009 -18.635266
8.154685 -18.724029
8.195787 -18.819097
8.239147 -18.916105
8.283835 -19.009233
8.328759 -19.098965
8.372593 -19.187728
8.413924 -19.276005
8.453065 -19.361857
8.490489 -19.444799
8.526113 -19.524346
8.560417 -19.600982
8.592523 -19.672768
8.622760 -19.740674
8.651669 -19.805185
8.680106 -19.868240
8.709092 -19.933720
8.739718 -20.002111
8.772221 -20.074382
8.807539 -20.153444
8.846131 -20.239781
8.888713 -20.334849
8.935278 -20.438163
8.986062 -20.552147
9.040287 -20.672922
9.097320 -20.800488
9.157711 -20.934844
9.222091 -21.078902
9.291004 -21.232174
9.364914 -21.397573
9.444058 -21.574613
9.528124 -21.761839
9.616882 -21.960221
9.708760 -22.165393
9.802989 -22.375415
9.897599 -22.586893
9.990728 -22.794976
10.081363 -22.997723
10.168557 -23.192224
10.252462 -23.379450
10.333484 -23.560370
10.411613 -23.734985
10.486851 -23.902809
10.558892 -24.064327
10.627873 -24.218085
10.694054 -24.366023
10.757336 -24.507169
10.817887 -24.642981
10.875469 -24.771032
10.930785 -24.894717
10.984461 -25.014522
11.037351 -25.133357
11.089387 -25.249282
11.140018 -25.362296
11.188765 -25.471430
11.235643 -25.576684
11.280880 -25.677088
11.324324 -25.774096
11.365732 -25.866254
11.405498 -25.955016
11.442923 -26.038928
11.478317 -26.117990
11.512301 -26.194141
11.546055 -26.269322
11.580275 -26.345959
11.615357 -26.424050
11.651454 -26.504567
11.689107 -26.588964
11.729034 -26.678697
11.771227 -26.772310
11.814351 -26.869318
11.857795 -26.965356
11.901232 -27.062364
11.945607 -27.161312
11.991004 -27.263171
12.037020 -27.366000
12.082494 -27.466888
12.127731 -27.567776
12.172495 -27.667695
12.217107 -27.766643
12.261955 -27.867047
12.306414 -27.965995
12.349851 -28.063003
12.391418 -28.156131
12.430872 -28.244408
12.468922 -28.329290
12.505247 -28.410777
12.540490 -28.489354
12.575648 -28.567930
12.610181 -28.644567
12.643386 -28.719263
12.675889 -28.791049
12.708468 -28.863805
12.742139 -28.938987
12.776908 -29.017078
12.813943 -29.099050
12.851596 -29.183447
12.889333 -29.267359
12.926132 -29.349816
12.962854 -29.429363
13.000203 -29.504544
13.036063 -29.577300
13.069268 -29.647631
13.100520 -29.714567
13.129666 -29.778592
13.157011 -29.838252
13.183021 -29.895972
13.207795 -29.949811
13.231623 -30.001711
13.255215 -30.054095
13.279828 -30.107935
13.306624 -30.167110
13.334984 -30.229195
13.364283 -30.293705
13.393192 -30.357246
13.422102 -30.420301
13.450851 -30.483841
13.479524 -30.546412
13.508197 -30.609952
13.536717 -30.672037
13.564841 -30.734122
13.592270 -30.794267
13.618906 -30.852472
13.646175 -30.912132
13.673444 -30.972277
13.700087 -31.031452
13.726334 -31.089172
13.751726 -31.144467
13.776416 -31.198306
13.801183 -31.253116
13.827361 -31.309866
13.855644 -31.371951
13.885797 -31.437916
13.917126 -31.506307
13.948377 -31.575183
13.980964 -31.646484
14.013933 -31.718755
14.046749 -31.790541
14.079557 -31.860387
14.113159 -31.926352
14.146517 -31.989893
14.179172 -32.050038
14.210821 -32.108728
14.241363 -32.163537
14.271211 -32.216407
14.301372 -32.265396
14.329808 -32.313415
14.354887 -32.360464
14.377159 -32.404603
14.397782 -32.446316
14.417238 -32.486089
14.436069 -32.524408
14.454350 -32.562241
14.472631 -32.600074
14.490210 -32.636937
14.507713 -32.672345
14.525605 -32.708238
14.545450 -32.747526
14.567012 -32.790210
14.589665 -32.836289
14.611937 -32.881398
14.634200 -32.926991
14.657799 -32.975010
14.684595 -33.028365
14.715458 -33.088025
14.747336 -33.152050
14.780380 -33.218501
14.815073 -33.288832
14.852810 -33.365953
14.893745 -33.448895
14.937189 -33.537658
14.981411 -33.626905
15.025947 -33.715183
15.071726 -33.799580
15.117276 -33.881066
15.162124 -33.958673
15.204309 -34.033854
15.243221 -34.106610
15.279631 -34.176456
15.314087 -34.243392
15.346819 -34.308387
15.378231 -34.370473
15.408156 -34.429162
15.436905 -34.485912
15.465189 -34.539752
15.492923 -34.588741
15.519017 -34.635305
15.543082 -34.679929
15.566284 -34.724067
15.589807 -34.769661
15.615199 -34.818650
15.643399 -34.872975
15.673323 -34.931665
15.704888 -34.992780
15.738878 -35.059230
15.776066 -35.129561
15.818175 -35.204743
15.865213 -35.285259
15.914899 -35.372082
15.965996 -35.465209
16.017406 -35.561247
16.067335 -35.654860
16.116242 -35.744593
16.166088 -35.831900
16.217498 -35.918237
16.271090 -36.006030
16.326803 -36.096247
16.383676 -36.190830
16.438840 -36.285413
16.491493 -36.379511
16.541575 -36.469244
16.590177 -36.557036
16.637681 -36.643373
16.684246 -36.727770
16.730727 -36.812167
16.778314 -36.897535
16.828701 -36.987267
16.884719 -37.080880
16.946292 -37.179828
17.012466 -37.283142
17.081920 -37.390821
17.151146 -37.499470
17.217167 -37.607149
17.280448 -37.714343
17.340999 -37.817172
17.398421 -37.915150
17.453821 -38.008278
17.509603 -38.096555
17.566796 -38.184348
17.625859 -38.272140
17.686958 -38.362358
17.748989 -38.455485
17.809311 -38.550068
17.866885 -38.642226
17.921973 -38.731959
17.975336 -38.819266
18.028691 -38.907058
18.083382 -38.996306
18.140575 -39.090404
18.201202 -39.189837
18.264957 -39.294121
18.330901 -39.402285
18.396526 -39.509479
18.460982 -39.615218
18.525752 -39.719016
18.593490 -39.821360
18.662563 -39.925644
18.731155 -40.031868
18.798351 -40.137121
18.863586 -40.241890
18.926563 -40.342294
18.987189 -40.439787
19.045313 -40.532915
19.101019 -40.622162
19.154229 -40.708014
19.206265 -40.789016
19.256812 -40.866138
19.304468 -40.940834
19.349629 -41.011650
19.392677 -41.080041
19.433779 -41.145521
19.473858 -41.207606
19.512923 -41.264841
19.550500 -41.317711
19.586131 -41.369125
19.620191 -41.419569
19.654182 -41.471953
19.690431 -41.528218
19.728557 -41.588363
19.767859 -41.649963
19.806611 -41.710593
19.845515 -41.771224
19.885602 -41.834279
19.928573 -41.900729
19.976229 -41.969605
20.028028 -42.041391
20.084047 -42.118513
20.142178 -42.196604
20.199288 -42.275666
20.252727 -42.353272
20.302886 -42.426999
20.351015 -42.499270
20.398831 -42.571056
20.447662 -42.644297
20.498682 -42.721418
20.552984 -42.803390
20.611581 -42.892153
20.675252 -42.987706
20.745569 -43.091504
20.824560 -43.202094
20.910190 -43.316563
20.999802 -43.435398
21.089026 -43.553748
21.174503 -43.672098
21.256066 -43.786568
21.334119 -43.897642
21.410219 -44.007261
21.486548 -44.116880
21.564601 -44.229410
21.647186 -44.345334
21.735234 -44.462714
21.826884 -44.581549
21.919388 -44.697474
22.010954 -44.810489
22.098850 -44.920593
22.181587 -45.027787
22.259328 -45.131585
22.333238 -45.231019
22.404882 -45.327542
22.476214 -45.424065
23.502686 -46.777328
23.566670 -46.861726
23.630264 -46.946123
23.695660 -47.031975
23.764809 -47.116857
23.837307 -47.203194
23.911141 -47.289531
23.984350 -47.373443
24.054742 -47.455415
24.120298 -47.535447
24.181703 -47.611598
24.240697 -47.686295
24.299134 -47.760991
24.358746 -47.836657
24.420936 -47.915234
24.487034 -47.999146
25.101212 -48.761630
25.185514 -48.856213
25.270053 -48.948371
25.353256 -49.038588
25.432950 -49.126866
25.507875 -49.213203
25.578977 -49.296630
25.646555 -49.377632
25.711088 -49.455238
25.772813 -49.528964
25.830785 -49.599295
25.885552 -49.664776
25.938137 -49.727831
25.990012 -49.790401
26.043611 -49.852971
26.595279 -50.484979
26.647864 -50.547065
26.704744 -50.612545
26.766546 -50.682391
26.831934 -50.757087
26.899053 -50.835179
26.966089 -50.912785
27.033514 -50.991847
27.103357 -51.071879
27.178282 -51.153850
27.259151 -51.238733
27.343453 -51.328950
27.429083 -51.422563
27.514163 -51.518116
27.596985 -51.611729
27.676907 -51.702431
28.420229 -52.541552
28.502814 -52.633710
28.582271 -52.723442
28.659233 -52.807839
28.735097 -52.887386
28.807756 -52.963052
28.876195 -53.036778
28.941041 -53.107594
29.002767 -53.175985
29.061677 -53.240980
29.118084 -53.303551
29.172538 -53.363211
29.225123 -53.417535
29.275121 -53.467009
29.323487 -53.515028
30.016337 -54.183414
30.083762 -54.253745
30.157908 -54.330867
30.240105 -54.413809
30.330808 -54.504511
30.429019 -54.603945
30.535433 -54.712594
30.650826 -54.830459
30.776696 -54.957054
30.913186 -55.091411
31.057496 -55.235953
31.209925 -55.388740
31.370167 -55.550744
31.538535 -55.721478
31.715112 -55.899973
31.899731 -56.087199
33.339809 -57.498182
33.506147 -57.642239
33.665298 -57.781446
33.815308 -57.916287
33.957741 -58.045793
34.093217 -58.171419
34.223611 -58.293164
34.351586 -58.412969
34.480660 -58.533259
34.613404 -58.657429
34.749970 -58.782085
34.889039 -58.903830
35.027879 -59.021210
35.164217 -59.132769
35.297891 -59.240448
35.431024 -59.345217
36.607659 -60.343431
36.785091 -60.497189
36.970801 -60.657252
37.161906 -60.821681
37.351995 -60.986110
37.538491 -61.147143
37.721783 -61.305266
37.905311 -61.460479
38.093913 -61.613267
38.286818 -61.763630
38.479799 -61.908657
38.668165 -62.050289
38.848336 -62.189980
39.020297 -62.324822
39.184445 -62.455298
40.987757 -63.849789
41.151203 -63.972505
41.307614 -64.090370
41.457312 -64.204839
41.600524 -64.313973
41.738578 -64.418742
41.873741 -64.522541
42.006721 -64.623914
42.137191 -64.721893
42.265792 -64.813080
42.391272 -64.898932
42.512922 -64.979449
42.630193 -65.056086
42.741917 -65.129812
42.847315 -65.203053
42.947556 -65.273869
43.671581 -65.790437
43.737915 -65.832636
43.801823 -65.872894
43.863151 -65.910727
43.921436 -65.947590
43.975348 -65.983483
44.025354 -66.018406
44.073010 -66.050904
44.119498 -66.083402
44.166918 -66.116869
44.217862 -66.152762
44.273644 -66.191566
44.334118 -66.234249
44.400375 -66.279358
44.474438 -66.327377
44.557024 -66.378791
45.606225 -67.060758
45.691069 -67.117508
45.772403 -67.171833
45.850456 -67.224702
45.923893 -67.273691
45.993119 -67.320255
46.059376 -67.364394
46.125000 -67.408047
46.191800 -67.453156
46.262116 -67.498750
46.338063 -67.546284
46.420954 -67.595758
46.511276 -67.648628
46.607839 -67.704407
46.708942 -67.763582
47.677901 -68.350966
47.751582 -68.394135
47.820884 -68.435849
47.887523 -68.476592
47.953544 -68.517820
48.020816 -68.559534
48.091445 -68.602702
48.166607 -68.649266
48.246453 -68.697770
48.332708 -68.746760
48.421619 -68.795264
48.510766 -68.843283
48.598501 -68.888876
48.683040 -68.934470
48.762260 -68.979094
48.836483 -69.022263
49.598017 -69.473350
49.719270 -69.545136
49.851236 -69.622743
49.993738 -69.707140
50.143825 -69.795902
50.296574 -69.884665
50.449857 -69.968577
50.601043 -70.047638
50.747535 -70.124275
50.887230 -70.200426
51.020752 -70.274152
51.148102 -70.345938
51.269828 -70.414329
51.386008 -70.480295
51.497029 -70.542865
51.603206 -70.603010
52.442396 -71.072529
52.507639 -71.109392
52.569982 -71.144800
52.629671 -71.178268
52.686864 -71.210281
52.741715 -71.241323
52.794139 -71.270426
52.844450 -71.299043
52.892740 -71.326690
52.938679 -71.351913
52.982894 -71.376650
53.003365 -71.388776
53.005318 -71.389746
53.005402 -71.389746
53.004929 -71.389746
53.024225 -71.400417
53.026964 -71.402357
53.029695 -71.403327
53.032434 -71.405267
53.035326 -71.406722
53.038294 -71.408662
53.041186 -71.409632